-1991718
-1991718
-1991718
-1991718
-2008502
-2008502
-2008502
-2008502
-2008502
-2008502
-2008502
-2008502
-2008502
-2008502
-2008502
-2008502
-2008502
-2008502
-2008502
-2008502
-2008502
-2008502
-2008502
-2008502
-2008502
-2008502
-2008502
-2008502
-2008502
-2008502
-2008502
-2008502
-2003619
-2003619
-2003619
-2003619
-2003619
-2003619
-2003619
-2003619
-2003619
-2003619
-2003619
-2003619
-2003619
-2003619
-2003619
-2003619
-2003619
-2003619
-2003619
-2003619
-2003619
-2003619
-2003619
-2003619
-2003619
-2003619
-2003619
-2003619
-1936634
-1936634
-1936634
-1936634
-1936634
-1936634
-1936634
-1936634
-1936634
-1936634
-1936634
-1936634
-1936634
-1936634
-1936634
-1936634
-1936634
-1936634
-1936634
-1936634
-1936634
-1936634
-1936634
-1936634
-1936634
-1936634
-1936634
-1936634
-2006824
-2006824
-2006824
-2006824
-2006824
-2006824
-2006824
-2006824
-2006824
-2006824
-2006824
-2006824
-2006824
-2006824
-2006824
-2006824
-2006824
-2006824
-2006824
-2006824
-2006824
-2006824
-2006824
-2006824
-2006824
-2006824
-2006824
-2006824
-2010638
-2010638
-2010638
-2010638
-2010638
-2010638
-2010638
-2010638
-2010638
-2010638
-2010638
-2010638
-2010638
-2010638
-2010638
-2010638
-2010638
-2010638
-2010638
-2010638
-2010638
-2010638
-2010638
-2010638
-2010638
-2010638
-2010638
-2008502
-2008502
-2008502
-2008502
-2008502
-2008502
-2008502
-2008502
-2008502
-2008502
-2008502
-2008502
-2008502
-2008502
-2008502
-2008502
-2008502
-2008502
-2008502
-2008502
-2008502
-2008502
-2008502
-2008502
-2008502
-2008502
-2008502
-2008502
-1973255
-1973255
-1973255
-1973255
-1973255
-1973255
-1973255
-1973255
-1973255
-1973255
-1973255
-1973255
-1973255
-1973255
-1973255
-1973255
-1973255
-1973255
-1973255
-1973255
-1973255
-1973255
-1973255
-1973255
-1973255
-1973255
-1973255
-1957843
-1957843
-1957843
-1957843
-1957843
-1957843
-1957843
-1957843
-1957843
-1957843
-1957843
-1957843
-1957843
-1957843
-1957843
-1957843
-1957843
-1957843
-1957843
-1957843
-1957843
-1957843
-1957843
-1957843
-1957843
-1957843
-1957843
-1957843
-1988818
-1988818
-1988818
-1988818
-1988818
-1988818
-1988818
-1988818
-1988818
-1988818
-1988818
-1988818
-1988818
-1988818
-1988818
-1988818
-1988818
-1988818
-1988818
-1988818
-1988818
-1988818
-1988818
-1988818
-1988818
-1988818
-1988818
-1988818
-1989581
-1989581
-1989581
-1989581
-1989581
-1989581
-1989581
-1989581
-1989581
-1989581
-1989581
-1989581
-1989581
-1989581
-1989581
-1989581
-1989581
-1989581
-1989581
-1989581
-1989581
-1989581
-1989581
-1989581
-1989581
-1989581
-1989581
-1989581
-1995532
-1995532
-1995532
-1995532
-1995532
-1995532
-1995532
-1995532
-1995532
-1995532
-1995532
-1995532
-1995532
-1995532
-1995532
-1995532
-1995532
-1995532
-1995532
-1995532
-1995532
-1995532
-1995532
-1995532
-1995532
-1995532
-1995532
-1960895
-1960895
-1960895
-1960895
-1960895
-1960895
-1960895
-1960895
-1960895
-1960895
-1960895
-1960895
-1960895
-1960895
-1960895
-1960895
-1960895
-1960895
-1960895
-1960895
-1960895
-1960895
-1960895
-1960895
-1960895
-1960895
-1960895
-1960895
-1972339
-1972339
-1972339
-1972339
-1972339
-1972339
-1972339
-1972339
-1972339
-1972339
-1972339
-1972339
-1972339
-1972339
-1972339
-1972339
-1972339
-1972339
-1972339
-1972339
-1972339
-1972339
-1972339
-1972339
-1972339
-1972339
-1972339
-1957691
-1957691
-1957691
-1957691
-1957691
-1957691
-1957691
-1957691
-1957691
-1957691
-1957691
-1957691
-1957691
-1957691
-1957691
-1957691
-1957691
-1957691
-1957691
-1957691
-1957691
-1957691
-1957691
-1957691
-1957691
-1957691
-1957691
-1957691
-1961658
-1961658
-1961658
-1961658
-1961658
-1961658
-1961658
-1961658
-1961658
-1961658
-1961658
-1961658
-1961658
-1961658
-1961658
-1961658
-1961658
-1961658
-1961658
-1961658
-1961658
-1961658
-1961658
-1961658
-1961658
-1961658
-1961658
-1961658
-1919544
-1919544
-1919544
-1919544
-1919544
-1919544
-1919544
-1919544
-1919544
-1919544
-1919544
-1919544
-1919544
-1919544
-1919544
-1919544
-1919544
-1919544
-1919544
-1919544
-1919544
-1919544
-1919544
-1919544
-1919544
-1919544
-1919544
-1919544
-1919544
-1965320
-1965320
-1965320
-1965320
-1965320
-1965320
-1965320
-1965320
-1965320
-1965320
-1965320
-1965320
-1965320
-1965320
-1965320
-1965320
-1965320
-1965320
-1965320
-1965320
-1965320
-1965320
-1965320
-1965320
-1965320
-1965320
-1965320
-1965320
-1893909
-1893909
-1893909
-1893909
-1893909
-1893909
-1893909
-1893909
-1893909
-1893909
-1893909
-1893909
-1893909
-1893909
-1893909
-1893909
-1893909
-1893909
-1893909
-1893909
-1893909
-1893909
-1893909
-1893909
-1893909
-1893909
-1893909
-1893909
-1963642
-1963642
-1963642
-1963642
-1963642
-1963642
-1963642
-1963642
-1963642
-1963642
-1963642
-1963642
-1963642
-1963642
-1963642
-1963642
-1963642
-1963642
-1963642
-1963642
-1963642
-1963642
-1963642
-1963642
-1963642
-1963642
-1963642
-1963642
-1834858
-1834858
-1834858
-1834858
-1834858
-1834858
-1834858
-1834858
-1834858
-1834858
-1834858
-1834858
-1834858
-1834858
-1834858
-1834858
-1834858
-1834858
-1834858
-1834858
-1834858
-1834858
-1834858
-1834858
-1834858
-1834858
-1834858
-1834858
-1834858
-1873920
-1873920
-1873920
-1873920
-1873920
-1873920
-1873920
-1873920
-1873920
-1873920
-1873920
-1873920
-1873920
-1873920
-1873920
-1873920
-1873920
-1873920
-1873920
-1873920
-1873920
-1873920
-1873920
-1873920
-1873920
-1873920
-1873920
-1873920
-1897877
-1897877
-1897877
-1897877
-1897877
-1897877
-1897877
-1897877
-1897877
-1897877
-1897877
-1897877
-1897877
-1897877
-1897877
-1897877
-1897877
-1897877
-1897877
-1897877
-1897877
-1897877
-1897877
-1897877
-1897877
-1897877
-1897877
-1897877
-1894367
-1894367
-1894367
-1894367
-1894367
-1894367
-1894367
-1894367
-1894367
-1894367
-1894367
-1894367
-1894367
-1894367
-1894367
-1894367
-1894367
-1894367
-1894367
-1894367
-1894367
-1894367
-1894367
-1894367
-1894367
-1894367
-1894367
-1894367
-1893757
-1893757
-1893757
-1893757
-1893757
-1893757
-1893757
-1893757
-1893757
-1893757
-1893757
-1893757
-1893757
-1893757
-1893757
-1893757
-1893757
-1893757
-1893757
-1893757
-1893757
-1893757
-1893757
-1893757
-1893757
-1893757
-1893757
-1893757
-1893757
-1949909
-1949909
-1949909
-1949909
-1949909
-1949909
-1949909
-1949909
-1949909
-1949909
-1949909
-1949909
-1949909
-1949909
-1949909
-1949909
-1949909
-1949909
-1949909
-1949909
-1949909
-1949909
-1949909
-1949909
-1949909
-1949909
-1949909
-1949909
-1885975
-1885975
-1885975
-1885975
-1885975
-1885975
-1885975
-1885975
-1885975
-1885975
-1885975
-1885975
-1885975
-1885975
-1885975
-1885975
-1885975
-1885975
-1885975
-1885975
-1885975
-1885975
-1885975
-1885975
-1885975
-1885975
-1885975
-1885975
-1942890
-1942890
-1942890
-1942890
-1942890
-1942890
-1942890
-1942890
-1942890
-1942890
-1942890
-1942890
-1942890
-1942890
-1942890
-1942890
-1942890
-1942890
-1942890
-1942890
-1942890
-1942890
-1942890
-1942890
-1942890
-1942890
-1942890
-1942890
-1940754
-1940754
-1940754
-1940754
-1940754
-1940754
-1940754
-1940754
-1940754
-1940754
-1940754
-1940754
-1940754
-1940754
-1940754
-1940754
-1940754
-1940754
-1940754
-1940754
-1940754
-1940754
-1940754
-1940754
-1940754
-1940754
-1940754
-1940754
-1940754
-1945331
-1945331
-1945331
-1945331
-1945331
-1945331
-1945331
-1945331
-1945331
-1945331
-1945331
-1945331
-1945331
-1945331
-1945331
-1945331
-1945331
-1945331
-1945331
-1945331
-1945331
-1945331
-1945331
-1945331
-1945331
-1945331
-1945331
-1945331
-1884449
-1884449
-1884449
-1884449
-1884449
-1884449
-1884449
-1884449
-1884449
-1884449
-1884449
-1884449
-1884449
-1884449
-1884449
-1884449
-1884449
-1884449
-1884449
-1884449
-1884449
-1884449
-1884449
-1884449
-1884449
-1884449
-1884449
-1884449
-1936939
-1936939
-1936939
-1936939
-1936939
-1936939
-1936939
-1936939
-1936939
-1936939
-1936939
-1936939
-1936939
-1936939
-1936939
-1936939
-1936939
-1936939
-1936939
-1936939
-1936939
-1936939
-1936939
-1936939
-1936939
-1936939
-1936939
-1936939
-1937854
-1937854
-1937854
-1937854
-1937854
-1937854
-1937854
-1937854
-1937854
-1937854
-1937854
-1937854
-1937854
-1937854
-1937854
-1937854
-1937854
-1937854
-1937854
-1937854
-1937854
-1937854
-1937854
-1937854
-1937854
-1937854
-1937854
-1937854
-1937854
-1940601
-1940601
-1940601
-1940601
-1940601
-1940601
-1940601
-1940601
-1940601
-1940601
-1940601
-1940601
-1940601
-1940601
-1940601
-1940601
-1940601
-1940601
-1940601
-1940601
-1940601
-1940601
-1940601
-1940601
-1940601
-1940601
-1940601
-1940601
-1940296
-1940296
-1940296
-1940296
-1940296
-1940296
-1940296
-1940296
-1940296
-1940296
-1940296
-1940296
-1940296
-1940296
-1940296
-1940296
-1940296
-1940296
-1940296
-1940296
-1940296
-1940296
-1940296
-1940296
-1940296
-1940296
-1940296
-1940296
-1894977
-1894977
-1894977
-1894977
-1894977
-1894977
-1894977
-1894977
-1894977
-1894977
-1894977
-1894977
-1894977
-1894977
-1894977
-1894977
-1894977
-1894977
-1894977
-1894977
-1894977
-1894977
-1894977
-1894977
-1894977
-1894977
-1894977
-1894977
-1938312
-1938312
-1938312
-1938312
-1938312
-1938312
-1938312
-1938312
-1938312
-1938312
-1938312
-1938312
-1938312
-1938312
-1938312
-1938312
-1938312
-1938312
-1938312
-1938312
-1938312
-1938312
-1938312
-1938312
-1938312
-1938312
-1938312
-1938312
-1936939
-1936939
-1936939
-1936939
-1936939
-1936939
-1936939
-1936939
-1936939
-1936939
-1936939
-1936939
-1936939
-1936939
-1936939
-1936939
-1936939
-1936939
-1936939
-1936939
-1936939
-1936939
-1936939
-1936939
-1936939
-1936939
-1936939
-1936939
-1936939
-1886738
-1886738
-1886738
-1886738
-1886738
-1886738
-1886738
-1886738
-1886738
-1886738
-1886738
-1886738
-1886738
-1886738
-1886738
-1886738
-1886738
-1886738
-1886738
-1886738
-1886738
-1886738
-1886738
-1886738
-1886738
-1886738
-1886738
-1886738
-1909015
-1909015
-1909015
-1909015
-1909015
-1909015
-1909015
-1909015
-1909015
-1909015
-1909015
-1909015
-1909015
-1909015
-1909015
-1909015
-1909015
-1909015
-1909015
-1909015
-1909015
-1909015
-1909015
-1909015
-1909015
-1909015
-1909015
-1909015
-1932972
-1932972
-1932972
-1932972
-1932972
-1932972
-1932972
-1932972
-1932972
-1932972
-1932972
-1932972
-1932972
-1932972
-1932972
-1932972
-1932972
-1932972
-1932972
-1932972
-1932972
-1932972
-1932972
-1932972
-1932972
-1932972
-1932972
-1932972
-1932972
-1868580
-1868580
-1868580
-1868580
-1868580
-1868580
-1868580
-1868580
-1868580
-1868580
-1868580
-1868580
-1868580
-1868580
-1868580
-1868580
-1868580
-1868580
-1868580
-1868580
-1868580
-1868580
-1868580
-1868580
-1868580
-1868580
-1868580
-1868580
-1888111
-1888111
-1888111
-1888111
-1888111
-1888111
-1888111
-1888111
-1888111
-1888111
-1888111
-1888111
-1888111
-1888111
-1888111
-1888111
-1888111
-1888111
-1888111
-1888111
-1888111
-1888111
-1888111
-1888111
-1888111
-1888111
-1888111
-1888111
-1934803
-1934803
-1934803
-1934803
-1934803
-1934803
-1934803
-1934803
-1934803
-1934803
-1934803
-1934803
-1934803
-1934803
-1934803
-1934803
-1934803
-1934803
-1934803
-1934803
-1934803
-1934803
-1934803
-1934803
-1934803
-1934803
-1934803
-1934803
-1933429
-1933429
-1933429
-1933429
-1933429
-1933429
-1933429
-1933429
-1933429
-1933429
-1933429
-1933429
-1933429
-1933429
-1933429
-1933429
-1933429
-1933429
-1933429
-1933429
-1933429
-1933429
-1933429
-1933429
-1933429
-1933429
-1933429
-1933429
-1933429
-1911457
-1911457
-1911457
-1911457
-1911457
-1911457
-1911457
-1911457
-1911457
-1911457
-1911457
-1911457
-1911457
-1911457
-1911457
-1911457
-1911457
-1911457
-1911457
-1911457
-1911457
-1911457
-1911457
-1911457
-1911457
-1911457
-1911457
-1911457
-1928852
-1928852
-1928852
-1928852
-1928852
-1928852
-1928852
-1928852
-1928852
-1928852
-1928852
-1928852
-1928852
-1928852
-1928852
-1928852
-1928852
-1928852
-1928852
-1928852
-1928852
-1928852
-1928852
-1928852
-1928852
-1928852
-1928852
-1928852
-1932514
-1932514
-1932514
-1932514
-1932514
-1932514
-1932514
-1932514
-1932514
-1932514
-1932514
-1932514
-1932514
-1932514
-1932514
-1932514
-1932514
-1932514
-1932514
-1932514
-1932514
-1932514
-1932514
-1932514
-1932514
-1932514
-1932514
-1932514
-1931446
-1931446
-1931446
-1931446
-1931446
-1931446
-1931446
-1931446
-1931446
-1931446
-1931446
-1931446
-1931446
-1931446
-1931446
-1931446
-1931446
-1931446
-1931446
-1931446
-1931446
-1931446
-1931446
-1931446
-1931446
-1931446
-1931446
-1931446
-1931598
-1931598
-1931598
-1931598
-1931598
-1931598
-1931598
-1931598
-1931598
-1931598
-1931598
-1931598
-1931598
-1931598
-1931598
-1931598
-1931598
-1931598
-1931598
-1931598
-1931598
-1931598
-1931598
-1931598
-1931598
-1931598
-1931598
-1931598
-1931598
-1930225
-1930225
-1930225
-1930225
-1930225
-1930225
-1930225
-1930225
-1930225
-1930225
-1930225
-1930225
-1930225
-1930225
-1930225
-1930225
-1930225
-1930225
-1930225
-1930225
-1930225
-1930225
-1930225
-1930225
-1930225
-1930225
-1930225
-1930225
-1925800
-1925800
-1925800
-1925800
-1925800
-1925800
-1925800
-1925800
-1925800
-1925800
-1925800
-1925800
-1925800
-1925800
-1925800
-1925800
-1925800
-1925800
-1925800
-1925800
-1925800
-1925800
-1925800
-1925800
-1925800
-1925800
-1925800
-1925800
-1929615
-1929615
-1929615
-1929615
-1929615
-1929615
-1929615
-1929615
-1929615
-1929615
-1929615
-1929615
-1929615
-1929615
-1929615
-1929615
-1929615
-1929615
-1929615
-1929615
-1929615
-1929615
-1929615
-1929615
-1929615
-1929615
-1929615
-1929615
-1929157
-1929157
-1929157
-1929157
-1929157
-1929157
-1929157
-1929157
-1929157
-1929157
-1929157
-1929157
-1929157
-1929157
-1929157
-1929157
-1929157
-1929157
-1929157
-1929157
-1929157
-1929157
-1929157
-1929157
-1929157
-1929157
-1929157
-1929157
-1927173
-1927173
-1927173
-1927173
-1927173
-1927173
-1927173
-1927173
-1927173
-1927173
-1927173
-1927173
-1927173
-1927173
-1927173
-1927173
-1927173
-1927173
-1927173
-1927173
-1927173
-1927173
-1927173
-1927173
-1927173
-1927173
-1927173
-1927173
-1927173
-1901844
-1901844
-1901844
-1901844
-1901844
-1901844
-1901844
-1901844
-1901844
-1901844
-1901844
-1901844
-1901844
-1901844
-1901844
-1901844
-1901844
-1901844
-1901844
-1901844
-1901844
-1901844
-1901844
-1901844
-1901844
-1901844
-1901844
-1901844
-1926868
-1926868
-1926868
-1926868
-1926868
-1926868
-1926868
-1926868
-1926868
-1926868
-1926868
-1926868
-1926868
-1926868
-1926868
-1926868
-1926868
-1926868
-1926868
-1926868
-1926868
-1926868
-1926868
-1926868
-1926868
-1926868
-1926868
-1926868
-1927021
-1927021
-1927021
-1927021
-1927021
-1927021
-1927021
-1927021
-1927021
-1927021
-1927021
-1927021
-1927021
-1927021
-1927021
-1927021
-1927021
-1927021
-1927021
-1927021
-1927021
-1927021
-1927021
-1927021
-1927021
-1927021
-1927021
-1927021
-1925953
-1925953
-1925953
-1925953
-1925953
-1925953
-1925953
-1925953
-1925953
-1925953
-1925953
-1925953
-1925953
-1925953
-1925953
-1925953
-1925953
-1925953
-1925953
-1925953
-1925953
-1925953
-1925953
-1925953
-1925953
-1925953
-1925953
-1925953
-1870106
-1870106
-1870106
-1870106
-1870106
-1870106
-1870106
-1870106
-1870106
-1870106
-1870106
-1870106
-1870106
-1870106
-1870106
-1870106
-1870106
-1870106
-1870106
-1870106
-1870106
-1870106
-1870106
-1870106
-1870106
-1870106
-1870106
-1870106
-1870106
-1922901
-1922901
-1922901
-1922901
-1922901
-1922901
-1922901
-1922901
-1922901
-1922901
-1922901
-1922901
-1922901
-1922901
-1922901
-1922901
-1922901
-1922901
-1922901
-1922901
-1922901
-1922901
-1922901
-1922901
-1922901
-1922901
-1922901
-1922901
-1873310
-1873310
-1873310
-1873310
-1873310
-1873310
-1873310
-1873310
-1873310
-1873310
-1873310
-1873310
-1873310
-1873310
-1873310
-1873310
-1873310
-1873310
-1873310
-1873310
-1873310
-1873310
-1873310
-1873310
-1873310
-1873310
-1873310
-1873310
-1921528
-1921528
-1921528
-1921528
-1921528
-1921528
-1921528
-1921528
-1921528
-1921528
-1921528
-1921528
-1921528
-1921528
-1921528
-1921528
-1921528
-1921528
-1921528
-1921528
-1921528
-1921528
-1921528
-1921528
-1921528
-1921528
-1921528
-1921528
-1821888
-1821888
-1821888
-1821888
-1821888
-1821888
-1821888
-1821888
-1821888
-1821888
-1821888
-1821888
-1821888
-1821888
-1821888
-1821888
-1821888
-1821888
-1821888
-1821888
-1821888
-1821888
-1821888
-1821888
-1821888
-1821888
-1821888
-1821888
-1821888
-1923359
-1923359
-1923359
-1923359
-1923359
-1923359
-1923359
-1923359
-1923359
-1923359
-1923359
-1923359
-1923359
-1923359
-1923359
-1923359
-1923359
-1923359
-1923359
-1923359
-1923359
-1923359
-1923359
-1923359
-1923359
-1923359
-1923359
-1923359
-1860340
-1860340
-1860340
-1860340
-1860340
-1860340
-1860340
-1860340
-1860340
-1860340
-1860340
-1860340
-1860340
-1860340
-1860340
-1860340
-1860340
-1860340
-1860340
-1860340
-1860340
-1860340
-1860340
-1860340
-1860340
-1860340
-1860340
-1860340
-1916340
-1916340
-1916340
-1916340
-1916340
-1916340
-1916340
-1916340
-1916340
-1916340
-1916340
-1916340
-1916340
-1916340
-1916340
-1916340
-1916340
-1916340
-1916340
-1916340
-1916340
-1916340
-1916340
-1916340
-1916340
-1916340
-1916340
-1916340
-1796864
-1796864
-1796864
-1796864
-1796864
-1796864
-1796864
-1796864
-1796864
-1796864
-1796864
-1796864
-1796864
-1796864
-1796864
-1796864
-1796864
-1796864
-1796864
-1796864
-1796864
-1796864
-1796864
-1796864
-1796864
-1796864
-1796864
-1796864
-1796864
-1882160
-1882160
-1882160
-1882160
-1882160
-1882160
-1882160
-1882160
-1882160
-1882160
-1882160
-1882160
-1882160
-1882160
-1882160
-1882160
-1882160
-1882160
-1882160
-1882160
-1882160
-1882160
-1882160
-1882160
-1882160
-1882160
-1882160
-1882160
-1852863
-1852863
-1852863
-1852863
-1852863
-1852863
-1852863
-1852863
-1852863
-1852863
-1852863
-1852863
-1852863
-1852863
-1852863
-1852863
-1852863
-1852863
-1852863
-1852863
-1852863
-1852863
-1852863
-1852863
-1852863
-1852863
-1852863
-1852863
-1844624
-1844624
-1844624
-1844624
-1844624
-1844624
-1844624
-1844624
-1844624
-1844624
-1844624
-1844624
-1844624
-1844624
-1844624
-1844624
-1844624
-1844624
-1844624
-1844624
-1844624
-1844624
-1844624
-1844624
-1844624
-1844624
-1844624
-1844624
-1819599
-1819599
-1819599
-1819599
-1819599
-1819599
-1819599
-1819599
-1819599
-1819599
-1819599
-1819599
-1819599
-1819599
-1819599
-1819599
-1819599
-1819599
-1819599
-1819599
-1819599
-1819599
-1819599
-1819599
-1819599
-1819599
-1819599
-1819599
-1819599
-1919697
-1919697
-1919697
-1919697
-1919697
-1919697
-1919697
-1919697
-1919697
-1919697
-1919697
-1919697
-1919697
-1919697
-1919697
-1919697
-1919697
-1919697
-1919697
-1919697
-1919697
-1919697
-1919697
-1919697
-1919697
-1919697
-1919697
-1919697
-1860340
-1860340
-1860340
-1860340
-1860340
-1860340
-1860340
-1860340
-1860340
-1860340
-1860340
-1860340
-1860340
-1860340
-1860340
-1860340
-1860340
-1860340
-1860340
-1860340
-1860340
-1860340
-1860340
-1860340
-1860340
-1860340
-1860340
-1860340
-1830433
-1830433
-1830433
-1830433
-1830433
-1830433
-1830433
-1830433
-1830433
-1830433
-1830433
-1830433
-1830433
-1830433
-1830433
-1830433
-1830433
-1830433
-1830433
-1830433
-1830433
-1830433
-1830433
-1830433
-1830433
-1830433
-1830433
-1830433
-1912830
-1912830
-1912830
-1912830
-1912830
-1912830
-1912830
-1912830
-1912830
-1912830
-1912830
-1912830
-1912830
-1912830
-1912830
-1912830
-1912830
-1912830
-1912830
-1912830
-1912830
-1912830
-1912830
-1912830
-1912830
-1912830
-1912830
-1912830
-1917713
-1917713
-1917713
-1917713
-1917713
-1917713
-1917713
-1917713
-1917713
-1917713
-1917713
-1917713
-1917713
-1917713
-1917713
-1917713
-1917713
-1917713
-1917713
-1917713
-1917713
-1917713
-1917713
-1917713
-1917713
-1917713
-1917713
-1917713
-1917713
-1867664
-1867664
-1867664
-1867664
-1867664
-1867664
-1867664
-1867664
-1867664
-1867664
-1867664
-1867664
-1867664
-1867664
-1867664
-1867664
-1867664
-1867664
-1867664
-1867664
-1867664
-1867664
-1867664
-1867664
-1867664
-1867664
-1867664
-1867664
-1813649
-1813649
-1813649
-1813649
-1813649
-1813649
-1813649
-1813649
-1813649
-1813649
-1813649
-1813649
-1813649
-1813649
-1813649
-1813649
-1813649
-1813649
-1813649
-1813649
-1813649
-1813649
-1813649
-1813649
-1813649
-1813649
-1813649
-1813649
-1845844
-1845844
-1845844
-1845844
-1845844
-1845844
-1845844
-1845844
-1845844
-1845844
-1845844
-1845844
-1845844
-1845844
-1845844
-1845844
-1845844
-1845844
-1845844
-1845844
-1845844
-1845844
-1845844
-1845844
-1845844
-1845844
-1845844
-1845844
-1908863
-1908863
-1908863
-1908863
-1908863
-1908863
-1908863
-1908863
-1908863
-1908863
-1908863
-1908863
-1908863
-1908863
-1908863
-1908863
-1908863
-1908863
-1908863
-1908863
-1908863
-1908863
-1908863
-1908863
-1908863
-1908863
-1908863
-1908863
-1914509
-1914509
-1914509
-1914509
-1914509
-1914509
-1914509
-1914509
-1914509
-1914509
-1914509
-1914509
-1914509
-1914509
-1914509
-1914509
-1914509
-1914509
-1914509
-1914509
-1914509
-1914509
-1914509
-1914509
-1914509
-1914509
-1914509
-1914509
-1914509
-1843098
-1843098
-1843098
-1843098
-1843098
-1843098
-1843098
-1843098
-1843098
-1843098
-1843098
-1843098
-1843098
-1843098
-1843098
-1843098
-1843098
-1843098
-1843098
-1843098
-1843098
-1843098
-1843098
-1843098
-1843098
-1843098
-1843098
-1843098
-1907947
-1907947
-1907947
-1907947
-1907947
-1907947
-1907947
-1907947
-1907947
-1907947
-1907947
-1907947
-1907947
-1907947
-1907947
-1907947
-1907947
-1907947
-1907947
-1907947
-1907947
-1907947
-1907947
-1907947
-1907947
-1907947
-1907947
-1907947
-1909321
-1909321
-1909321
-1909321
-1909321
-1909321
-1909321
-1909321
-1909321
-1909321
-1909321
-1909321
-1909321
-1909321
-1909321
-1909321
-1909321
-1909321
-1909321
-1909321
-1909321
-1909321
-1909321
-1909321
-1909321
-1909321
-1909321
-1909321
-1910694
-1910694
-1910694
-1910694
-1910694
-1910694
-1910694
-1910694
-1910694
-1910694
-1910694
-1910694
-1910694
-1910694
-1910694
-1910694
-1910694
-1910694
-1910694
-1910694
-1910694
-1910694
-1910694
-1910694
-1910694
-1910694
-1910694
-1910694
-1910694
-1911152
-1911152
-1911152
-1911152
-1911152
-1911152
-1911152
-1911152
-1911152
-1911152
-1911152
-1911152
-1911152
-1911152
-1911152
-1911152
-1911152
-1911152
-1911152
-1911152
-1911152
-1911152
-1911152
-1911152
-1911152
-1911152
-1911152
-1911152
-1889179
-1889179
-1889179
-1889179
-1889179
-1889179
-1889179
-1889179
-1889179
-1889179
-1889179
-1889179
-1889179
-1889179
-1889179
-1889179
-1889179
-1889179
-1889179
-1889179
-1889179
-1889179
-1889179
-1889179
-1889179
-1889179
-1889179
-1889179
-1910389
-1910389
-1910389
-1910389
-1910389
-1910389
-1910389
-1910389
-1910389
-1910389
-1910389
-1910389
-1910389
-1910389
-1910389
-1910389
-1910389
-1910389
-1910389
-1910389
-1910389
-1910389
-1910389
-1910389
-1910389
-1910389
-1910389
-1910389
-1908863
-1908863
-1908863
-1908863
-1908863
-1908863
-1908863
-1908863
-1908863
-1908863
-1908863
-1908863
-1908863
-1908863
-1908863
-1908863
-1908863
-1908863
-1908863
-1908863
-1908863
-1908863
-1908863
-1908863
-1908863
-1908863
-1908863
-1908863
-1908863
-1909015
-1909015
-1909015
-1909015
-1909015
-1909015
-1909015
-1909015
-1909015
-1909015
-1909015
-1909015
-1909015
-1909015
-1909015
-1909015
-1909015
-1909015
-1909015
-1909015
-1909015
-1909015
-1909015
-1909015
-1909015
-1909015
-1909015
-1909015
-1904285
-1904285
-1904285
-1904285
-1904285
-1904285
-1904285
-1904285
-1904285
-1904285
-1904285
-1904285
-1904285
-1904285
-1904285
-1904285
-1904285
-1904285
-1904285
-1904285
-1904285
-1904285
-1904285
-1904285
-1904285
-1904285
-1904285
-1904285
-1867817
-1867817
-1867817
-1867817
-1867817
-1867817
-1867817
-1867817
-1867817
-1867817
-1867817
-1867817
-1867817
-1867817
-1867817
-1867817
-1867817
-1867817
-1867817
-1867817
-1867817
-1867817
-1867817
-1867817
-1867817
-1867817
-1867817
-1867817
-1866139
-1866139
-1866139
-1866139
-1866139
-1866139
-1866139
-1866139
-1866139
-1866139
-1866139
-1866139
-1866139
-1866139
-1866139
-1866139
-1866139
-1866139
-1866139
-1866139
-1866139
-1866139
-1866139
-1866139
-1866139
-1866139
-1866139
-1866139
-1866139
-1868122
-1868122
-1868122
-1868122
-1868122
-1868122
-1868122
-1868122
-1868122
-1868122
-1868122
-1868122
-1868122
-1868122
-1868122
-1868122
-1868122
-1868122
-1868122
-1868122
-1868122
-1868122
-1868122
-1868122
-1868122
-1868122
-1868122
-1868122
-1873463
-1873463
-1873463
-1873463
-1873463
-1873463
-1873463
-1873463
-1873463
-1873463
-1873463
-1873463
-1873463
-1873463
-1873463
-1873463
-1873463
-1873463
-1873463
-1873463
-1873463
-1873463
-1873463
-1873463
-1873463
-1873463
-1873463
-1873463
-1903827
-1903827
-1903827
-1903827
-1903827
-1903827
-1903827
-1903827
-1903827
-1903827
-1903827
-1903827
-1903827
-1903827
-1903827
-1903827
-1903827
-1903827
-1903827
-1903827
-1903827
-1903827
-1903827
-1903827
-1903827
-1903827
-1903827
-1903827
-1899860
-1899860
-1899860
-1899860
-1899860
-1899860
-1899860
-1899860
-1899860
-1899860
-1899860
-1899860
-1899860
-1899860
-1899860
-1899860
-1899860
-1899860
-1899860
-1899860
-1899860
-1899860
-1899860
-1899860
-1899860
-1899860
-1899860
-1899860
-1863850
-1863850
-1863850
-1863850
-1863850
-1863850
-1863850
-1863850
-1863850
-1863850
-1863850
-1863850
-1863850
-1863850
-1863850
-1863850
-1863850
-1863850
-1863850
-1863850
-1863850
-1863850
-1863850
-1863850
-1863850
-1863850
-1863850
-1863850
-1894672
-1894672
-1894672
-1894672
-1894672
-1894672
-1894672
-1894672
-1894672
-1894672
-1894672
-1894672
-1894672
-1894672
-1894672
-1894672
-1894672
-1894672
-1894672
-1894672
-1894672
-1894672
-1894672
-1894672
-1894672
-1894672
-1894672
-1894672
-1894672
-1901081
-1901081
-1901081
-1901081
-1901081
-1901081
-1901081
-1901081
-1901081
-1901081
-1901081
-1901081
-1901081
-1901081
-1901081
-1901081
-1901081
-1901081
-1901081
-1901081
-1901081
-1901081
-1901081
-1901081
-1901081
-1901081
-1901081
-1901081
-1862019
-1862019
-1862019
-1862019
-1862019
-1862019
-1862019
-1862019
-1862019
-1862019
-1862019
-1862019
-1862019
-1862019
-1862019
-1862019
-1862019
-1862019
-1862019
-1862019
-1862019
-1862019
-1862019
-1862019
-1862019
-1862019
-1862019
-1862019
-1828755
-1828755
-1828755
-1828755
-1828755
-1828755
-1828755
-1828755
-1828755
-1828755
-1828755
-1828755
-1828755
-1828755
-1828755
-1828755
-1828755
-1828755
-1828755
-1828755
-1828755
-1828755
-1828755
-1828755
-1828755
-1828755
-1828755
-1828755
-1860951
-1860951
-1860951
-1860951
-1860951
-1860951
-1860951
-1860951
-1860951
-1860951
-1860951
-1860951
-1860951
-1860951
-1860951
-1860951
-1860951
-1860951
-1860951
-1860951
-1860951
-1860951
-1860951
-1860951
-1860951
-1860951
-1860951
-1860951
-1860951
-1859120
-1859120
-1859120
-1859120
-1859120
-1859120
-1859120
-1859120
-1859120
-1859120
-1859120
-1859120
-1859120
-1859120
-1859120
-1859120
-1859120
-1859120
-1859120
-1859120
-1859120
-1859120
-1859120
-1859120
-1859120
-1859120
-1859120
-1859120
-1895588
-1895588
-1895588
-1895588
-1895588
-1895588
-1895588
-1895588
-1895588
-1895588
-1895588
-1895588
-1895588
-1895588
-1895588
-1895588
-1895588
-1895588
-1895588
-1895588
-1895588
-1895588
-1895588
-1895588
-1895588
-1895588
-1895588
-1895588
-1835316
-1835316
-1835316
-1835316
-1835316
-1835316
-1835316
-1835316
-1835316
-1835316
-1835316
-1835316
-1835316
-1835316
-1835316
-1835316
-1835316
-1835316
-1835316
-1835316
-1835316
-1835316
-1835316
-1835316
-1835316
-1835316
-1835316
-1835316
-1857441
-1857441
-1857441
-1857441
-1857441
-1857441
-1857441
-1857441
-1857441
-1857441
-1857441
-1857441
-1857441
-1857441
-1857441
-1857441
-1857441
-1857441
-1857441
-1857441
-1857441
-1857441
-1857441
-1857441
-1857441
-1857441
-1857441
-1857441
-1837452
-1837452
-1837452
-1837452
-1837452
-1837452
-1837452
-1837452
-1837452
-1837452
-1837452
-1837452
-1837452
-1837452
-1837452
-1837452
-1837452
-1837452
-1837452
-1837452
-1837452
-1837452
-1837452
-1837452
-1837452
-1837452
-1837452
-1837452
-1816700
-1816700
-1816700
-1816700
-1816700
-1816700
-1816700
-1816700
-1816700
-1816700
-1816700
-1816700
-1816700
-1816700
-1816700
-1816700
-1816700
-1816700
-1816700
-1816700
-1816700
-1816700
-1816700
-1816700
-1816700
-1816700
-1816700
-1816700
-1816700
-1833180
-1833180
-1833180
-1833180
-1833180
-1833180
-1833180
-1833180
-1833180
-1833180
-1833180
-1833180
-1833180
-1833180
-1833180
-1833180
-1833180
-1833180
-1833180
-1833180
-1833180
-1833180
-1833180
-1833180
-1833180
-1833180
-1833180
-1833180
-1858967
-1858967
-1858967
-1858967
-1858967
-1858967
-1858967
-1858967
-1858967
-1858967
-1858967
-1858967
-1858967
-1858967
-1858967
-1858967
-1858967
-1858967
-1858967
-1858967
-1858967
-1858967
-1858967
-1858967
-1858967
-1858967
-1858967
-1858967
-1768635
-1768635
-1768635
-1768635
-1768635
-1768635
-1768635
-1768635
-1768635
-1768635
-1768635
-1768635
-1768635
-1768635
-1768635
-1768635
-1768635
-1768635
-1768635
-1768635
-1768635
-1768635
-1768635
-1768635
-1768635
-1768635
-1768635
-1768635
-1815937
-1815937
-1815937
-1815937
-1815937
-1815937
-1815937
-1815937
-1815937
-1815937
-1815937
-1815937
-1815937
-1815937
-1815937
-1815937
-1815937
-1815937
-1815937
-1815937
-1815937
-1815937
-1815937
-1815937
-1815937
-1815937
-1815937
-1815937
-1815937
-1801289
-1801289
-1801289
-1801289
-1801289
-1801289
-1801289
-1801289
-1801289
-1801289
-1801289
-1801289
-1886890
-1886890
-1886890
-1886890
-1886890
-1886890
-1886890
-1886890
-1886890
-1886890
-1825856
-1825856
-1825856
-1825856
-1825856
-1825856
-1880024
-1880024
-1880024
-1878651
-1878651
-1878651
-1878651
-1878651
-1878651
-1878651
-1878651
-1878651
-1870258
-1870258
-1870258
-1870258
-1870258
-1870258
-1870258
-1870258
-1870258
-1870258
-1863087
-1863087
-1863087
-1863087
-1863087
-1863087
-1743001
-1743001
-1743001
-1854084
-1854084
-1854084
-1854084
-1854084
-1854084
-1854084
-1854084
-1854084
-1854084
-1810597
-1810597
-1810597
-1810597
-1810597
-1810597
-1810597
-1810597
-1810597
-1836842
-1836842
-1836842
-1836842
-1836842
-1836842
-1830738
-1830738
-1830738
-1829212
-1829212
-1829212
-1829212
-1829212
-1829212
-1829212
-1829212
-1829212
-1829212
-1806019
-1806019
-1806019
-1806019
-1806019
-1806019
-1806019
-1806019
-1806019
-1851338
-1851338
-1851338
-1851338
-1851338
-1851338
-1845082
-1845082
-1845082
-1845082
-1845082
-1845082
-1845082
-1845082
-1845082
-1845082
-1845082
-1845082
-1880024
-1880024
-1880024
-1880024
-1880024
-1880024
-1880024
-1880024
-1880024
-1880024
-1880024
-1880024
-1880024
-1880024
-1880024
-1880024
-1880024
-1865223
-1865223
-1865223
-1865223
-1865223
-1865223
-1865223
-1865223
-1865223
-1865223
-1865223
-1865223
-1865223
-1865223
-1865223
-1865223
-1865223
-1865223
-1865223
-1865223
-1865223
-1865223
-1865223
-1865223
-1865223
-1865223
-1865223
-1865223
-1838063
-1838063
-1838063
-1838063
-1838063
-1838063
-1838063
-1838063
-1838063
-1838063
-1838063
-1838063
-1789998
-1789998
-1789998
-1789998
-1789998
-1789998
-1789998
-1789998
-1789998
-1789998
-1789998
-1789998
-1789998
-1789998
-1789998
-1789998
-1812123
-1812123
-1812123
-1808766
-1808766
-1808766
-1808766
-1808766
-1808766
-1808766
-1808766
-1808766
-1796101
-1796101
-1796101
-1796101
-1796101
-1796101
-1796101
-1796101
-1796101
-1796101
-1781453
-1781453
-1781453
-1781453
-1781453
-1781453
-1786183
-1786183
-1786183
-1786183
-1786183
-1786183
-1786183
-1786183
-1786183
-1786183
-1786183
-1786183
-1775654
-1775654
-1775654
-1775654
-1775654
-1775654
-1775654
-1775654
-1775654
-1775654
-1766652
-1766652
-1766652
-1766652
-1766652
-1766652
-1761922
-1761922
-1761922
-1758870
-1758870
-1758870
-1758870
-1758870
-1758870
-1758870
-1758870
-1758870
-1758870
-1747578
-1747578
-1747578
-1747578
-1747578
-1747578
-1747578
-1747578
-1747578
-1747578
-1747578
-1747578
-1747578
-1747578
-1747578
-1747578
-1735524
-1735524
-1735524
-1735524
-1735524
-1735524
-1735524
-1735524
-1735524
-1735524
-1735524
-1735524
-1735524
-1735524
-1735524
-1735524
-1735524
-1735524
-1735524
-1735524
-1715230
-1715230
-1715230
-1715230
-1715230
-1715230
-1715230
-1715230
-1709432
-1709432
-1707601
-1707601
-1707601
-1707601
-1707601
-1707601
-1707601
-1707601
-1707601
-1702260
-1702260
-1702260
-1702260
-1702260
-1702260
-1702260
-1702260
-1702260
-1702260
-1692342
-1692342
-1692342
-1692342
-1692342
-1692342
-1692342
-1685933
-1685933
-1683187
-1683187
-1683187
-1683187
-1683187
-1683187
-1683187
-1683187
-1683187
-1675710
-1675710
-1675710
-1675710
-1675710
-1675710
-1675710
-1675710
-1675710
-1675710
-1666250
-1666250
-1666250
-1666250
-1666250
-1666250
-1666250
-1660604
-1660604
-1657552
-1657552
-1657552
-1657552
-1657552
-1657552
-1657552
-1657552
-1657552
-1657552
-1650838
-1650838
-1650838
-1650838
-1650838
-1650838
-1650838
-1650838
-1650838
-1641225
-1641225
-1641225
-1641225
-1641225
-1641225
-1641225
-1634359
-1634359
-1634359
-1634359
-1634359
-1634359
-1634359
-1634359
-1634359
-1634359
-1634359
-1634359
-1634359
-1634359
-1634359
-1634359
-1634359
-1634359
-1634359
-1634359
-1634359
-1634359
-1634359
-1634359
-1634359
-1634359
-1634359
-1634359
-1634359
-1611166
-1611166
-1611166
-1611166
-1611166
-1611166
-1611166
-1611166
-1611166
-1611166
-1611166
-1611166
-1611166
-1598806
-1598806
-1598806
-1598806
-1598806
-1598806
-1598806
-1598806
-1598806
-1598806
-1590566
-1590566
-1590566
-1590566
-1590566
-1587057
-1587057
-1587057
-1587057
-1583090
-1583090
-1583090
-1583090
-1583090
-1583090
-1583090
-1583090
-1583090
-1573629
-1573629
-1573629
-1573629
-1573629
-1573629
-1573629
-1573629
-1573629
-1573629
-1564932
-1564932
-1564932
-1564932
-1564932
-1560202
-1560202
-1560202
-1560202
-1557608
-1557608
-1557608
-1557608
-1557608
-1557608
-1557608
-1557608
-1557608
-1557608
-1548758
-1548758
-1548758
-1548758
-1548758
-1548758
-1548758
-1548758
-1548758
-1542501
-1542501
-1542501
-1542501
-1542501
-1542501
-1537008
-1537008
-1537008
-1537008
-1532736
-1532736
-1532736
-1532736
-1532736
-1532736
-1532736
-1532736
-1532736
-1525717
-1525717
-1525717
-1525717
-1525717
-1525717
-1525717
-1525717
-1525717
-1525717
-1525717
-1525717
-1525717
-1525717
-1525717
-1510763
-1510763
-1510763
-1510763
-1510763
-1510763
-1510763
-1510763
-1510763
-1510763
-1510763
-1510763
-1510763
-1510763
-1510763
-1510763
-1510763
-1510763
-1510763
-1510763
-1510763
-1510763
-1510763
-1510763
-1510763
-1510763
-1510763
-1510763
-1485739
-1485739
-1485739
-1485739
-1485739
-1485739
-1485739
-1485739
-1485739
-1485739
-1485739
-1485739
-1485739
-1485739
-1485739
-1485739
-1485739
-1485739
-1485739
-1469870
-1469870
-1469870
-1469870
-1469870
-1469870
-1469870
-1469870
-1469870
-1464682
-1464682
-1464682
-1464682
-1464682
-1464682
-1464682
-1464682
-1464682
-1454917
-1454917
-1454917
-1454917
-1454917
-1454917
-1454917
-1454917
-1454917
-1454917
-1446829
-1446829
-1446829
-1446829
-1446829
-1446829
-1446829
-1446829
-1446829
-1439505
-1439505
-1439505
-1439505
-1439505
-1439505
-1439505
-1439505
-1439505
-1439505
-1430197
-1430197
-1430197
-1430197
-1430197
-1430197
-1430197
-1430197
-1430197
-1422721
-1422721
-1422721
-1422721
-1422721
-1422721
-1422721
-1422721
-1422721
-1413718
-1413718
-1413718
-1413718
-1413718
-1413718
-1413718
-1413718
-1413718
-1413718
-1405936
-1405936
-1405936
-1405936
-1405936
-1405936
-1405936
-1405936
-1405936
-1398765
-1398765
-1398765
-1398765
-1398765
-1398765
-1398765
-1398765
-1398765
-1398765
-1389304
-1389304
-1389304
-1389304
-1389304
-1389304
-1389304
-1389304
-1389304
-1389304
-1389304
-1389304
-1389304
-1389304
-1389304
-1389304
-1389304
-1389304
-1389304
-1389304
-1389304
-1389304
-1389304
-1389304
-1389304
-1389304
-1389304
-1389304
-1364890
-1364890
-1364890
-1364890
-1364890
-1364890
-1364890
-1364890
-1364890
-1364890
-1364890
-1364890
-1364890
-1364890
-1364890
-1364890
-1364890
-1364890
-1364890
-1364890
-1364890
-1364890
-1364890
-1364890
-1364890
-1364890
-1364890
-1364890
-1342002
-1342002
-1342002
-1342002
-1342002
-1342002
-1342002
-1342002
-1342002
-1342002
-1342002
-1342002
-1342002
-1342002
-1342002
-1342002
-1342002
-1342002
-1326743
-1326743
-1326743
-1326743
-1326743
-1326743
-1326743
-1326743
-1326743
-1319877
-1318351
-1318351
-1318351
-1318351
-1318351
-1318351
-1318351
-1318351
-1318351
-248411
-248411
-248411
-248411
-248411
-248411
-248411
-248411
-248411
-1305534
-1305534
-1305534
-1305534
-1305534
-1305534
-1305534
-1305534
-1305534
-1297447
-1297447
-1297447
-1297447
-1297447
-1297447
-1297447
-1297447
-1297447
-1297447
-1291954
-1291954
-1291954
-1291954
-1291954
-1291954
-1291954
-1291954
-1291954
-1282951
-1282951
-1282951
-1282951
-1282951
-1282951
-1282951
-1282951
-1282951
-1282951
-1274559
-1273948
-1273948
-1273948
-1273948
-1273948
-1273948
-1273948
-1273948
-1266777
-1266777
-1266777
-1266777
-1266777
-1266777
-1266777
-1266777
-1266777
-1259453
-1259453
-1259453
-1259453
-1259453
-1259453
-1259453
-1259453
-1259453
-1259453
-1249687
-1249687
-1249687
-1249687
-1249687
-1249687
-1249687
-1249687
-1249687
-1249687
-1243431
-1243431
-1243431
-1243431
-1243431
-1243431
-1243431
-1243431
-1243431
-1238243
-1238243
-1238243
-1238243
-1238243
-1238243
-1238243
-1238243
-1238243
-1238243
-1228783
-1228783
-1228783
-1228783
-1228783
-1228783
-1228783
-1228783
-1228783
-1220696
-1220696
-1220696
-1220696
-1220696
-1220696
-1220696
-1220696
-1220696
-1214592
-1214592
-1214592
-1214592
-1214592
-1214592
-1214592
-1214592
-1214592
-1214592
-1206352
-1206047
-1206047
-1206047
-1206047
-1206047
-1206047
-1206047
-1206047
-1198570
-1198570
-1198570
-1198570
-1198570
-1198570
-1198570
-1198570
-1198570
-1198570
-1191857
-1191857
-1191857
-1191857
-1191857
-1191857
-1191857
-1191857
-1191857
-1184380
-1184380
-1184380
-1184380
-1184380
-1184380
-1184380
-1184380
-1184380
-1184380
-1184380
-1184380
-1184380
-1184380
-1184380
-1184380
-1184380
-1184380
-1168969
-1168969
-1168969
-1168969
-1168969
-1168969
-1168969
-1168969
-1168969
-1164238
-1164238
-1163323
-1163323
-1163323
-1163323
-1163323
-1163323
-1163323
-1163323
-1156151
-1156151
-1156151
-1156151
-1156151
-1156151
-1156151
-1156151
-1156151
-1148217
-1148217
-1148217
-1148217
-1148217
-1148217
-1148217
-1148217
-1148217
-1148217
-1140282
-1139061
-1139061
-1139061
-1139061
-1139061
-1139061
-1139061
-1139061
-1133873
-1133873
-1133873
-1133873
-1133873
-1133873
-1133873
-1133873
-1133873
-1126702
-1126702
-1126702
-1126702
-1126702
-1126702
-1126702
-1126702
-1126702
-1126702
-1119530
-1119988
-1119988
-1119988
-1119988
-1119988
-1119988
-1119988
-1119988
-1112206
-1112206
-1112206
-1112206
-1112206
-1112206
-1112206
-1112206
-1112206
-1112206
-1105645
-1105645
-1105645
-1105645
-1105645
-1105645
-1105645
-1105645
-1105645
-1105645
-1099847
-1099847
-1099847
-1099847
-1099847
-1099847
-1099847
-1099847
-1099847
-1099847
-1099847
-1099847
-1099847
-1099847
-1099847
-1099847
-1099847
-1099847
-1099847
-1083520
-1083520
-1083520
-1083520
-1083520
-1083520
-1083520
-1083520
-1083520
-1077264
-1076043
-1076043
-1076043
-1076043
-1076043
-1076043
-1076043
-1076043
-1076043
-1071771
-1071771
-1071771
-1071771
-1071771
-1071771
-1071771
-1071771
-1071771
-1063226
-1063226
-1063226
-1063226
-1063226
-1063226
-1063226
-1063226
-1063226
-1054681
-1054681
-1054681
-1054681
-1054681
-1054681
-1054681
-1054681
-1054681
-1054681
-1049493
-1049493
-1049493
-1049493
-1049493
-1049493
-1049493
-1049493
-1049493
-1042474
-1042474
-1042474
-1042474
-1042474
-1042474
-1042474
-1042474
-1042474
-1042474
-1035150
-1035150
-1035150
-1035150
-1035150
-1035150
-1035150
-1035150
-1035150
-1029657
-1029657
-1029657
-1029657
-1029657
-1029657
-1029657
-1029657
-1029657
-1029657
-1022638
-1022638
-1022638
-1022638
-1022638
-1022638
-1022638
-1022638
-1022638
-1022638
-1015161
-1015161
-1015161
-1015161
-1015161
-1015161
-1015161
-1015161
-1015161
-1015161
-1015161
-1015161
-1015161
-1015161
-1015161
-1015161
-1015161
-1015161
-1015161
-1015161
-1015161
-1015161
-1015161
-1015161
-1015161
-1015161
-1015161
-1015161
-995782
-995782
-995325
-995325
-995325
-995325
-995325
-995325
-995325
-995325
-995325
-989068
-989068
-989068
-989068
-989068
-989068
-989068
-989068
-989068
-982965
-982965
-982965
-982965
-982965
-982965
-982965
-982965
-976099
-976099
-974878
-974878
-974878
-974878
-974878
-974878
-974878
-974878
-974878
-969537
-969537
-969537
-969537
-969537
-969537
-969537
-969537
-969537
-969537
-963739
-963739
-963739
-963739
-963739
-963739
-963739
-959161
-959161
-956415
-956415
-956415
-956415
-956415
-956415
-956415
-956415
-956415
-950769
-950769
-950769
-950769
-950769
-950769
-950769
-950769
-950769
-950769
-945429
-945429
-945429
-945429
-945429
-945429
-945429
-940698
-940698
-937952
-937952
-937952
-937952
-937952
-937952
-937952
-937952
-937952
-937952
-937952
-937952
-937952
-937952
-937952
-937952
-937952
-937952
-937952
-937952
-937952
-937952
-937952
-937952
-937952
-937952
-937952
-921472
-921472
-921472
-921472
-921472
-921472
-921472
-921472
-921472
-921472
-921472
-921472
-921472
-921472
-921472
-921472
-921472
-921472
-921472
-921472
-921472
-921472
-921472
-921472
-921472
-921472
-921472
-921472
-905451
-905451
-905451
-901636
-901636
-901636
-901636
-901636
-901636
-901636
-901636
-901636
-901636
-894617
-894617
-894617
-894617
-894617
-894617
-894617
-894617
-894617
-890802
-890802
-890802
-890802
-890802
-890802
-885920
-885920
-885920
-885157
-885157
-885157
-885157
-885157
-885157
-885157
-885157
-885157
-885157
-879053
-879053
-879053
-879053
-879053
-879053
-879053
-879053
-879053
-873560
-873560
-873560
-873560
-873560
-873560
-868830
-868830
-868830
-868830
-867457
-867457
-867457
-867457
-867457
-867457
-867457
-867457
-867457
-860438
-860438
-860438
-860438
-860438
-860438
-860438
-860438
-860438
-857233
-857233
-857233
-857233
-857233
-857233
-853419
-853419
-853419
-853419
-849757
-849757
-849757
-849757
-849757
-849757
-849757
-849757
-849757
-849757
-849757
-849757
-849757
-849757
-849757
-849757
-849757
-849757
-849757
-849757
-849757
-849757
-849757
-849757
-849757
-835718
-835718
-835718
-835718
-835718
-835718
-835718
-835718
-835718
-835718
-835718
-835718
-835718
-835718
-835718
-835718
-835718
-835718
-835718
-835718
-835718
-835718
-835718
-835718
-835718
-835718
-835718
-835718
-820155
-820155
-820155
-820155
-820155
-820155
-820155
-820155
-820155
-820155
-820155
-820155
-820155
-820155
-820155
-820155
-820155
-820155
-820155
-820155
-820155
-820155
-820155
-820155
-806574
-806574
-806574
-806574
-803675
-803675
-803675
-803675
-803675
-803675
-800623
-800623
-800623
-800623
-800623
-800623
-800623
-800623
-800623
-794978
-794978
-794978
-794978
-794978
-794978
-794978
-794978
-794978
-794978
-790248
-790248
-790248
-787043
-787043
-787043
-787043
-787043
-787043
-784144
-784144
-784144
-784144
-784144
-784144
-784144
-784144
-784144
-784144
-778956
-778956
-778956
-778956
-778956
-778956
-778956
-778956
-778956
-774531
-774531
-774531
-774531
-772547
-772547
-772547
-772547
-772547
-766902
-766902
-766902
-766902
-766902
-766902
-766902
-766902
-766902
-766902
-763240
-763240
-763240
-763240
-763240
-763240
-763240
-763240
-763240
-757747
-757747
-757747
-757747
-757289
-757289
-757289
-757289
-757289
-757289
-757289
-757289
-757289
-757289
-757289
-757289
-757289
-757289
-757289
-757289
-757289
-757289
-757289
-757289
-757289
-757289
-757289
-757289
-757289
-757289
-757289
-757289
-742183
-742183
-742183
-742183
-742183
-742183
-742183
-742183
-742183
-742183
-742183
-742183
-742183
-742183
-742183
-742183
-742183
-742183
-742183
-742183
-742183
-742183
-742183
-742183
-742183
-742183
-742183
-742183
-728145
-728145
-728145
-728145
-728145
-728145
-728145
-728145
-728145
-728145
-728145
-728145
-728145
-728145
-728145
-728145
-728145
-728145
-728145
-728145
-728145
-728145
-728145
-728145
-728145
-728145
-728145
-728145
-728145
-713954
-713954
-713954
-713954
-713954
-713954
-713954
-713954
-713954
-713954
-713954
-713954
-713954
-713954
-713954
-708308
-708308
-708308
-708308
-708308
-708308
-708308
-708308
-708308
-701900
-701900
-701900
-701900
-698848
-698848
-698848
-698848
-698848
-698848
-697475
-697475
-697475
-697475
-697475
-697475
-697475
-697475
-697475
-692439
-692439
-692439
-692439
-692439
-692439
-692439
-692439
-692439
-692439
-687709
-687709
-687709
-686031
-686031
-686031
-686031
-686031
-686031
-683589
-683589
-683589
-683589
-683589
-683589
-683589
-683589
-683589
-679775
-679775
-679775
-679775
-679775
-679775
-679775
-679775
-679775
-679775
-675502
-675502
-675502
-675502
-672908
-672908
-672908
-672908
-672908
-671230
-671230
-671230
-671230
-671230
-671230
-671230
-671230
-671230
-671230
-667415
-667415
-667415
-667415
-667415
-667415
-667415
-667415
-667415
-667415
-667415
-667415
-667415
-660701
-660701
-660701
-660701
-660701
-660701
-660701
-660701
-660701
-660701
-660701
-660701
-660701
-660701
-660701
-660701
-660701
-660701
-660701
-660701
-660701
-660701
-660701
-660701
-660701
-660701
-660701
-660701
-647426
-647426
-647426
-647426
-647426
-647426
-647426
-647426
-647426
-647426
-647426
-647426
-647426
-647426
-647426
-647426
-647426
-647426
-647426
-647426
-647426
-647426
-647426
-647426
-647426
-647426
-647426
-647426
-636440
-636440
-636440
-636440
-636440
-636440
-636440
-636440
-636440
-636440
-636440
-636440
-636440
-636440
-636440
-636440
-636440
-636440
-636440
-636440
-636440
-636440
-636440
-636440
-636440
-636440
-636440
-636440
-624080
-624080
-624080
-624080
-624080
-624080
-624080
-624080
-624080
-624080
-624080
-624080
-624080
-624080
-624080
-624080
-624080
-624080
-624080
-624080
-624080
-624080
-624080
-624080
-624080
-624080
-624080
-624080
-624080
-611873
-611873
-611873
-611873
-611873
-611873
-611873
-611873
-611873
-611873
-611873
-611873
-611873
-611873
-611873
-611873
-611873
-611873
-611873
-611873
-611873
-611873
-611873
-611873
-611873
-611873
-611873
-611873
-599209
-599209
-599209
-599209
-599209
-599209
-599209
-599209
-599209
-599209
-595699
-595699
-595699
-595699
-595699
-595699
-595699
-595699
-595699
-590816
-590816
-590816
-590816
-590816
-590816
-590816
-590816
-590816
-587002
-587002
-587002
-587002
-587002
-587002
-587002
-587002
-587002
-587002
-583950
-583950
-583950
-583950
-583950
-583950
-583950
-583950
-583950
-579220
-579220
-579220
-579220
-579220
-579220
-579220
-579220
-579220
-577084
-577084
-577084
-577084
-577084
-577084
-577084
-577084
-577084
-577084
-572964
-572964
-572964
-572964
-572964
-572964
-572964
-572964
-572964
-568691
-568691
-568691
-568691
-568691
-568691
-568691
-568691
-568691
-564724
-564877
-564877
-564877
-564877
-564877
-564877
-564877
-564877
-564877
-564877
-564877
-564877
-564877
-564877
-564877
-564877
-564877
-564877
-564877
-564877
-564877
-564877
-564877
-564877
-564877
-564877
-564877
-554043
-554043
-554043
-554043
-554043
-554043
-554043
-554043
-554043
-554043
-554043
-554043
-554043
-554043
-554043
-554043
-554043
-554043
-554043
-554043
-554043
-554043
-554043
-554043
-554043
-554043
-554043
-554043
-554043
-545193
-545193
-545193
-545193
-545193
-545193
-545193
-545193
-545193
-545193
-545193
-545193
-545193
-545193
-545193
-545193
-545193
-545193
-545193
-545193
-545193
-545193
-545193
-545193
-545193
-545193
-545193
-545193
-534359
-534359
-534359
-534359
-534359
-534359
-534359
-534359
-534359
-534359
-534359
-534359
-534359
-534359
-534359
-534359
-534359
-534359
-534359
-534359
-534359
-534359
-534359
-534359
-534359
-534359
-534359
-534359
-523831
-523831
-523831
-523831
-523831
-523831
-523831
-523831
-523831
-523831
-523831
-523831
-523831
-523831
-523831
-523831
-523831
-523831
-523831
-523831
-523831
-523831
-523831
-523831
-523831
-523831
-523831
-523831
-514065
-514065
-514065
-514065
-514065
-514065
-514065
-514065
-514065
-514065
-514065
-514065
-514065
-514065
-514065
-514065
-514065
-514065
-514065
-514065
-514065
-514065
-514065
-514065
-514065
-514065
-514065
-514065
-503689
-503689
-503689
-503689
-503689
-503689
-503689
-503689
-503689
-503689
-503689
-503689
-503689
-503689
-503689
-503689
-503689
-503689
-503689
-503689
-503689
-503689
-503689
-503689
-503689
-503689
-503689
-503689
-503689
-495755
-495755
-495755
-495755
-495755
-495755
-495755
-495755
-495755
-495755
-495755
-495755
-495755
-495755
-495755
-495755
-495755
-495755
-495755
-495755
-495755
-495755
-495755
-495755
-495755
-495755
-495755
-495755
-486142
-486142
-486142
-486142
-486142
-486142
-486142
-486142
-486142
-486142
-486142
-486142
-486142
-486142
-486142
-486142
-486142
-486142
-486142
-486142
-486142
-486142
-486142
-486142
-486142
-486142
-486142
-486142
-476071
-476071
-476071
-476071
-476071
-476071
-476071
-476071
-476071
-476071
-476071
-476071
-476071
-476071
-476071
-476071
-476071
-476071
-476071
-476071
-476071
-476071
-476071
-476071
-476071
-476071
-476071
-476071
-466916
-466916
-466916
-466916
-466916
-466916
-466916
-466916
-466916
-466916
-466916
-466916
-466916
-466916
-466916
-466916
-466916
-466916
-466916
-466916
-466916
-466916
-466916
-466916
-466916
-466916
-466916
-466916
-466916
-458676
-458676
-458676
-457455
-457455
-457455
-457455
-457455
-457455
-457455
-457455
-457455
-457455
-455777
-455777
-455777
-455777
-455777
-455777
-455777
-455777
-455777
-452115
-452115
-452115
-452115
-452115
-452115
-451352
-451352
-451352
-449063
-449063
-449063
-449063
-449063
-449063
-449063
-449063
-449063
-449063
-447079
-447079
-447079
-447079
-447079
-447079
-447079
-447079
-447079
-443265
-443265
-443265
-443265
-443265
-443265
-441891
-441891
-441891
-439603
-439603
-439603
-439603
-439603
-439603
-439603
-439603
-439603
-439603
-437161
-437161
-437161
-437161
-437161
-437161
-437161
-437161
-437161
-435330
-435330
-435330
-435330
-435330
-435330
-434872
-434872
-434872
-433347
-433347
-433347
-433347
-433347
-433347
-433347
-433347
-433347
-433347
-433347
-433347
-433347
-433347
-433347
-433347
-433347
-433347
-433347
-433347
-433347
-433347
-433347
-433347
-433347
-425565
-425565
-425565
-425565
-425565
-425565
-425565
-425565
-425565
-425565
-425565
-425565
-425565
-425565
-425565
-425565
-425565
-425565
-425565
-425565
-425565
-425565
-425565
-425565
-425565
-425565
-425565
-425565
-425565
-417935
-417935
-417935
-417935
-417935
-417935
-417935
-417935
-417935
-417935
-417935
-417935
-417935
-417935
-417935
-417935
-417935
-417935
-417935
-417935
-417935
-417935
-417935
-417935
-417935
-417935
-417935
-417935
-411221
-411221
-411221
-411221
-411221
-411221
-411221
-411221
-411221
-411221
-411221
-411221
-411221
-411221
-411221
-411221
-411221
-411221
-411221
-411221
-411221
-411221
-411221
-411221
-411221
-411221
-411221
-411221
-403440
-403440
-403440
-403440
-403440
-403440
-403440
-403440
-403440
-403440
-403440
-403440
-403440
-403440
-403440
-403440
-403440
-403440
-403440
-403440
-403440
-403440
-403440
-403440
-403440
-403440
-403440
-403440
-395047
-395047
-395047
-395047
-395047
-395047
-395047
-395047
-395047
-395047
-395047
-395047
-395047
-395047
-395047
-395047
-395047
-395047
-395047
-395047
-395047
-395047
-395047
-395047
-395047
-395047
-395047
-395047
-395047
-388791
-388791
-388791
-388791
-388791
-388791
-388791
-388791
-388791
-388791
-388791
-388791
-388791
-388791
-388791
-388791
-388791
-388791
-388791
-388791
-388791
-388791
-388791
-388791
-388791
-388791
-388791
-388791
-379941
-379941
-379941
-379941
-379941
-379941
-379941
-379941
-379941
-379941
-379941
-379941
-379941
-379941
-379941
-379941
-379941
-379941
-379941
-379941
-379941
-379941
-379941
-379941
-373380
-373380
-373380
-373380
-373990
-373990
-373990
-373990
-373990
-372617
-372617
-372617
-372617
-372617
-372617
-372617
-372617
-372617
-372617
-370328
-370328
-370328
-370328
-370328
-370328
-370328
-370328
-370328
-367429
-367429
-367429
-367429
-367734
-367734
-367734
-367734
-367734
-366666
-366666
-366666
-366666
-366666
-366666
-366666
-366666
-366666
-366666
-364988
-364988
-364988
-364988
-364988
-364988
-364988
-364988
-364988
-361020
-361020
-361020
-361020
-361020
-360563
-360563
-360563
-360563
-360563
-358121
-358121
-358121
-358121
-358121
-358121
-358121
-358121
-358121
-357206
-357206
-357206
-357206
-357206
-357206
-357206
-357206
-357206
-355375
-355375
-355375
-355375
-355375
-353086
-353086
-353086
-353086
-353086
-353086
-353086
-353086
-353086
-353086
-353086
-353086
-353086
-353086
-353086
-353086
-353086
-353086
-353086
-353086
-353086
-353086
-353086
-353086
-353086
-353086
-353086
-353086
-348356
-348356
-348356
-348356
-348356
-348356
-348356
-348356
-348356
-348356
-348356
-348356
-348356
-348356
-348356
-348356
-348356
-348356
-348356
-348356
-348356
-348356
-348356
-348356
-348356
-348356
-348356
-348356
-341642
-341642
-341642
-341642
-341642
-341642
-341642
-341642
-341642
-341642
-341642
-341642
-341642
-341642
-341642
-341642
-341642
-341642
-341642
-341642
-341642
-341642
-341642
-341642
-341642
-341642
-341642
-341642
-335386
-335386
-335386
-335386
-335386
-335386
-335386
-335386
-335386
-335386
-335386
-335386
-335386
-335386
-335386
-335386
-335386
-335386
-335386
-335386
-335386
-335386
-335386
-330350
-330350
-330350
-330350
-330350
-330350
-330045
-330045
-330045
-328062
-328062
-328062
-328062
-328062
-328062
-328062
-328062
-328062
-328062
-327299
-327299
-327299
-327299
-327299
-327299
-327299
-327299
-327299
-323942
-323942
-323942
-323942
-323942
-323942
-323331
-323331
-323331
-322721
-322721
-322721
-322721
-322721
-322721
-322721
-322721
-322721
-322721
-321348
-321348
-321348
-321348
-321348
-321348
-321348
-321348
-321348
-319517
-319517
-319517
-319517
-319517
-319517
-317533
-317533
-317533
-317533
-316770
-316770
-316770
-316770
-316770
-316770
-316770
-316770
-316770
-315092
-315092
-315092
-315092
-315092
-315092
-315092
-315092
-315092
-315092
-314176
-314176
-314176
-314176
-314176
-310514
-310514
-310514
-310514
-310514
-310514
-310514
-310514
-310514
-310514
-310514
-310514
-310514
-310514
-310514
-310514
-310514
-310514
-310514
-310514
-310514
-310514
-310514
-310514
-310514
-310514
-310514
-310514
-306089
-306089
-306089
-306089
-306089
-306089
-306089
-306089
-306089
-306089
-306089
-306089
-306089
-306089
-306089
-306089
-306089
-306089
-306089
-306089
-306089
-306089
-306089
-306089
-306089
-306089
-306089
-306089
-306089
-300138
-300138
-300138
-300138
-300138
-300138
-300138
-300138
-300138
-300138
-300138
-300138
-300138
-300138
-300138
-300138
-300138
-300138
-300138
-300138
-300138
-300138
-300138
-300138
-300138
-300138
-300138
-300138
-297239
-297239
-297239
-297239
-297239
-297239
-297239
-297239
-297239
-297239
-297239
-297239
-297239
-297239
-297239
-297239
-297239
-297239
-297239
-297239
-297239
-297239
-297239
-297239
-297239
-297239
-297239
-297239
-290983
-290983
-290983
-290983
-290983
-290983
-290983
-290983
-290983
-290983
-290983
-290983
-290983
-290983
-290983
-290983
-290983
-290983
-290983
-290983
-290983
-290983
-290983
-290983
-290983
-290983
-290983
-290983
-285948
-285948
-285948
-285948
-285948
-285948
-285948
-285948
-285948
-285948
-285948
-285948
-285948
-285948
-285948
-285948
-285948
-285948
-285948
-285948
-285948
-285948
-285948
-285948
-285948
-285948
-285948
-285948
-285948
-280302
-280302
-280302
-280302
-280302
-280302
-280302
-280302
-280302
-280302
-280302
-280302
-280302
-280302
-280302
-280302
-280302
-280302
-280302
-280302
-280302
-280302
-280302
-280302
-280302
-280302
-280302
-280302
-276945
-276945
-276945
-276945
-276945
-276945
-276945
-276945
-276945
-276945
-276945
-276945
-276945
-276945
-276945
-276945
-276945
-276945
-276945
-276945
-276945
-276945
-276945
-276945
-276945
-276945
-276945
-276945
-270231
-270231
-270231
-270231
-270231
-270231
-270231
-270231
-270231
-270231
-270231
-270231
-270231
-270231
-270231
-270231
-270231
-270231
-270231
-270231
-270231
-270231
-270231
-270231
-270231
-270231
-270231
-270231
-266722
-266722
-266722
-266722
-266722
-266722
-266722
-266722
-266722
-266722
-266722
-266722
-266722
-266722
-266722
-266722
-266722
-266722
-266722
-266722
-266722
-266722
-266722
-266722
-266722
-266722
-266722
-266722
-261839
-261839
-261839
-261839
-261839
-261839
-261839
-261839
-261839
-261839
-261839
-261839
-261839
-261839
-261839
-261839
-261839
-261839
-261839
-261839
-261839
-261839
-261839
-261839
-261839
-261839
-261839
-261839
-261839
-256040
-256040
-256040
-256040
-256040
-256040
-256040
-256040
-256040
-256040
-256040
-256040
-256040
-256040
-256040
-256040
-256040
-256040
-256040
-256040
-256040
-256040
-256040
-256040
-256040
-256040
-256040
-256040
-252226
-252226
-252226
-252226
-252226
-252226
-252226
-252226
-252226
-252226
-252226
-252226
-252226
-252226
-252226
-252226
-252226
-252226
-252226
-252226
-252226
-252226
-252226
-252226
-252226
-252226
-252226
-252226
-248564
-248564
-248564
-248564
-248564
-248564
-248564
-248564
-248564
-248564
-248564
-248564
-248564
-248564
-248564
-248564
-248564
-248564
-248564
-248564
-248564
-248564
-248564
-248564
-248564
-248564
-248564
-248564
-244291
-244291
-244291
-244291
-244291
-244291
-244291
-244291
-244291
-244291
-244291
-244291
-244291
-244291
-244291
-244291
-244291
-244291
-244291
-244291
-244291
-244291
-244291
-244291
-244291
-244291
-244291
-244291
-244291
-239561
-239561
-239561
-239561
-239561
-239561
-239561
-239561
-239561
-239561
-239561
-239561
-239561
-239561
-239561
-239561
-239561
-239561
-239561
-239561
-239561
-239561
-239561
-239561
-239561
-239561
-239561
-239561
-235746
-235746
-235746
-235746
-235746
-235746
-235746
-235746
-235746
-235746
-235746
-235746
-235746
-235746
-235746
-235746
-235746
-235746
-235746
-235746
-235746
-235746
-235746
-235746
-235746
-235746
-235746
-235746
-231321
-231321
-231321
-231321
-231321
-231321
-231321
-231321
-231321
-231321
-231321
-231321
-231321
-231321
-231321
-231321
-231321
-231321
-231321
-231321
-231321
-231321
-231321
-231321
-231321
-231321
-231321
-231321
-231321
-227202
-227202
-227202
-227202
-227202
-227202
-227202
-227202
-227202
-227202
-227202
-227202
-227202
-227202
-227202
-227202
-227202
-227202
-227202
-227202
-227202
-227202
-227202
-227202
-227202
-227202
-227202
-227202
-223082
-223082
-223082
-223082
-223082
-223082
-223082
-223082
-223082
-223082
-223082
-223082
-223082
-223082
-223082
-223082
-223082
-223082
-223082
-223082
-223082
-223082
-223082
-223082
-223082
-223082
-223082
-223082
-218351
-218351
-218351
-218351
-218351
-218351
-218351
-218351
-218351
-218351
-218351
-218351
-218351
-218351
-218351
-218351
-218351
-218351
-218351
-218351
-218351
-218351
-218351
-218351
-218351
-218351
-218351
-218351
-216368
-216368
-216368
-216368
-216368
-216368
-216368
-216368
-216368
-216368
-216368
-216368
-216368
-216368
-216368
-216368
-216368
-216368
-216368
-216368
-216368
-216368
-216368
-216368
-216368
-216368
-216368
-216368
-212095
-212095
-212095
-212095
-212095
-212095
-212095
-212095
-212095
-212095
-212095
-212095
-212095
-212095
-212095
-212095
-212095
-212095
-212095
-212095
-212095
-212095
-212095
-212095
-212095
-212095
-212095
-212095
-212095
-208433
-208433
-208433
-208433
-208433
-208433
-208433
-208433
-208433
-208433
-208433
-208433
-208433
-208433
-208433
-208433
-208433
-208433
-208433
-208433
-208433
-208433
-208433
-208433
-208433
-208433
-208433
-208433
-203551
-203551
-203551
-203551
-203551
-203551
-203551
-203551
-203551
-203551
-203551
-203551
-203551
-203551
-203551
-203551
-203551
-203551
-203551
-203551
-203551
-203551
-203551
-203551
-203551
-203551
-203551
-203551
-202177
-202177
-202177
-202177
-202177
-202177
-202177
-202177
-202177
-202177
-202177
-202177
-202177
-202177
-202177
-202177
-202177
-202177
-202177
-202177
-202177
-202177
-202177
-202177
-202177
-202177
-202177
-202177
-198973
-198973
-198973
-198973
-198973
-198973
-198973
-198973
-198973
-198973
-198973
-198973
-198973
-198973
-198973
-198973
-198973
-198973
-198973
-198973
-198973
-198973
-198973
-198973
-198973
-198973
-198973
-198973
-195158
-195158
-195158
-195158
-195158
-195158
-195158
-195158
-195158
-195158
-195158
-195158
-195158
-195158
-195158
-195158
-195158
-195158
-195158
-195158
-195158
-195158
-195158
-195158
-195158
-195158
-195158
-195158
-195158
-191649
-191649
-191649
-191649
-191649
-191649
-191649
-191649
-191649
-191649
-191649
-191649
-191649
-191649
-191649
-191649
-191649
-191649
-191649
-191649
-191649
-191649
-191649
-191649
-191649
-191649
-191649
-191649
-189055
-189055
-189055
-189055
-189055
-189055
-189055
-189055
-189055
-189055
-189055
-189055
-189055
-189055
-189055
-189055
-189055
-189055
-189055
-189055
-189055
-189055
-189055
-189055
-189055
-189055
-189055
-189055
-186003
-186003
-186003
-186003
-186003
-186003
-186003
-186003
-186003
-186003
-186003
-186003
-186003
-186003
-186003
-186003
-186003
-186003
-186003
-186003
-186003
-186003
-186003
-186003
-186003
-186003
-186003
-186003
-181731
-181731
-181731
-181731
-181731
-181731
-181731
-181731
-181731
-181731
-181731
-181731
-181731
-181731
-181731
-181731
-181731
-181731
-181731
-181731
-181731
-181731
-181731
-181731
-181731
-181731
-181731
-181731
-181731
-178984
-178984
-178984
-178984
-178984
-178984
-178984
-178984
-178984
-178984
-178984
-178984
-178984
-178984
-178984
-178984
-178984
-178984
-178984
-178984
-178984
-178984
-178984
-178984
-178984
-178984
-178984
-178984
-176085
-176085
-176085
-176085
-176085
-176085
-176085
-176085
-176085
-176085
-176085
-176085
-176085
-176085
-176085
-176085
-176085
-176085
-176085
-176085
-176085
-176085
-176085
-176085
-176085
-176085
-176085
-176085
-173033
-173033
-173033
-173033
-173033
-173033
-173033
-173033
-173033
-173033
-173033
-173033
-173033
-173033
-173033
-173033
-173033
-173033
-173033
-173033
-173033
-173033
-173033
-173033
-173033
-173033
-173033
-173033
-173033
-170134
-170134
-170134
-170134
-170134
-170134
-170134
-170134
-170134
-170134
-170134
-170134
-170134
-170134
-170134
-170134
-170134
-170134
-170134
-170134
-170134
-170134
-170134
-170134
-170134
-170134
-170134
-170134
-167540
-167540
-167540
-167540
-167540
-167540
-167540
-167540
-167540
-167540
-167540
-167540
-167540
-167540
-167540
-167540
-167540
-167540
-167540
-167540
-167540
-167540
-167540
-167540
-167540
-167540
-167540
-167540
-166167
-166167
-166167
-166167
-166167
-166167
-166167
-166167
-166167
-166167
-166167
-166167
-166167
-166167
-166167
-166167
-166167
-166167
-166167
-166167
-166167
-166167
-166167
-166167
-166167
-166167
-166167
-166167
-162657
-162657
-162657
-162657
-162657
-162657
-162657
-162657
-162657
-162657
-162657
-162657
-162657
-162657
-162657
-162657
-162657
-162657
-162657
-162657
-162657
-162657
-162657
-162657
-162657
-162657
-162657
-162657
-162657
-161284
-161284
-161284
-161284
-161284
-161284
-161284
-161284
-161284
-161284
-161284
-161284
-161284
-161284
-161284
-161284
-161284
-161284
-161284
-161284
-161284
-161284
-161284
-161284
-161284
-161284
-161284
-161284
-157469
-157469
-157469
-157469
-157469
-157469
-157469
-157469
-157469
-157469
-157469
-157469
-157469
-157469
-157469
-157469
-157469
-157469
-157469
-157469
-157469
-157469
-157469
-157469
-157469
-157469
-157469
-157469
-155486
-155486
-155486
-155486
-155486
-155486
-155486
-155486
-155486
-155486
-155486
-155486
-155486
-155486
-155486
-155486
-155486
-155486
-155486
-155486
-155486
-155486
-155486
-155486
-155486
-155486
-155486
-155486
-151976
-151976
-151976
-151976
-151976
-151976
-151976
-151976
-151976
-151976
-151976
-151976
-151976
-151976
-151976
-151976
-151976
-151976
-151976
-151976
-151976
-151976
-151976
-151976
-151976
-151976
-151976
-151976
-151976
-148009
-148009
-148009
-148009
-148009
-148009
-148009
-148009
-148009
-148009
-148009
-148009
-148009
-148009
-148009
-148009
-148009
-148009
-148009
-148009
-148009
-148009
-148009
-148009
-148009
-148009
-148009
-148009
-146330
-146330
-146330
-146330
-146330
-146330
-146330
-146330
-146330
-146330
-146330
-146330
-146330
-146330
-146330
-146330
-146330
-146330
-146330
-146330
-146330
-146330
-146330
-146330
-146330
-146330
-146330
-146330
-144042
-144042
-144042
-144042
-144042
-144042
-144042
-144042
-144042
-144042
-144042
-144042
-144042
-144042
-144042
-144042
-144042
-144042
-144042
-144042
-144042
-144042
-144042
-144042
-144042
-144042
-144042
-144042
-142363
-142363
-142363
-142363
-142363
-142363
-142363
-142363
-142363
-142363
-142363
-142363
-142363
-142363
-142363
-142363
-142363
-142363
-142363
-142363
-142363
-142363
-142363
-142363
-142363
-142363
-142363
-142363
-142363
-140380
-140380
-140380
-140380
-140380
-140380
-140380
-140380
-140380
-140380
-140380
-140380
-140380
-140380
-140380
-140380
-140380
-140380
-140380
-140380
-140380
-140380
-140380
-140380
-140380
-140380
-140380
-140380
-139159
-139159
-139159
-139159
-139159
-139159
-139159
-139159
-139159
-139159
-139159
-139159
-139159
-139159
-139159
-139159
-139159
-139159
-139159
-139159
-139159
-139159
-139159
-139159
-139159
-139159
-139159
-139159
-135039
-135039
-135039
-135039
-135039
-135039
-135039
-135039
-135039
-135039
-135039
-135039
-135039
-135039
-135039
-135039
-135039
-135039
-135039
-135039
-135039
-135039
-135039
-135039
-135039
-135039
-135039
-135039
-132903
-132903
-132903
-132903
-132903
-132903
-132903
-132903
-132903
-132903
-132903
-132903
-132903
-132903
-132903
-132903
-132903
-132903
-132903
-132903
-132903
-132903
-132903
-132903
-132903
-132903
-132903
-132903
-130767
-130767
-130767
-130767
-130767
-130767
-130767
-130767
-130767
-130767
-130767
-130767
-130767
-130767
-130767
-130767
-130767
-130767
-130767
-130767
-130767
-130767
-130767
-130767
-130767
-130767
-130767
-130767
-130767
-130767
-130767
-130767
-130767
-130767
-130767
-130767
-130767
-130767
-130767
-130767
-130767
-130767
-130767
-130767
-130767
-130767
-130767
-130767
-130767
-130767
-130767
-130767
-130767
-130767
-130767
-130767
-130767
-127867
-127867
-127867
-127867
-127867
-127867
-127867
-127867
-127867
-127867
-127867
-127867
-127867
-127867
-127867
-127867
-127867
-127867
-127867
-127867
-127867
-127867
-127867
-127867
-127867
-127867
-127867
-127867
-125273
-125273
-125273
-125273
-125273
-125273
-125273
-125273
-125273
-125273
-125273
-125273
-125273
-125273
-125273
-125273
-125273
-125273
-125273
-125273
-125273
-125273
-125273
-125273
-125273
-125273
-125273
-125273
-124663
-124663
-124663
-124663
-124663
-124663
-124663
-124663
-124663
-124663
-124663
-124663
-124663
-124663
-124663
-124663
-124663
-124663
-124663
-124663
-124663
-124663
-124663
-124663
-124663
-124663
-124663
-124663
-122527
-122527
-122527
-122527
-122527
-122527
-122527
-122527
-122527
-122527
-122527
-122527
-122527
-122527
-122527
-122527
-122527
-122527
-122527
-122527
-122527
-122527
-122527
-122527
-122527
-122527
-122527
-122527
-122527
-120848
-120848
-120848
-120848
-120848
-120848
-120848
-120848
-120848
-120848
-120848
-120848
-120848
-120848
-120848
-120848
-120848
-120848
-120848
-120848
-120848
-120848
-120848
-120848
-120848
-120848
-120848
-120848
-118102
-118102
-118102
-118102
-118102
-118102
-118102
-118102
-118102
-118102
-118102
-118102
-118102
-118102
-118102
-118102
-118102
-118102
-118102
-118102
-118102
-118102
-118102
-118102
-118102
-118102
-118102
-118102
-116729
-116729
-116729
-116729
-116729
-116729
-116729
-116729
-116729
-116729
-116729
-116729
-116729
-116729
-116729
-116729
-116729
-116729
-116729
-116729
-116729
-116729
-116729
-116729
-116729
-116729
-116729
-116729
-113982
-113982
-113982
-113982
-113982
-113982
-113982
-113982
-113982
-113982
-113982
-113982
-113982
-113982
-113982
-113982
-113982
-113982
-113982
-113982
-113982
-113982
-113982
-113982
-113982
-113982
-113982
-113982
-113982
-112609
-112609
-112609
-112609
-112609
-112609
-112609
-112609
-112609
-112609
-112609
-112609
-112609
-112609
-112609
-112609
-112609
-112609
-112609
-112609
-112609
-112609
-112609
-112609
-112609
-112609
-112609
-112609
-111235
-111235
-111235
-111235
-111235
-111235
-111235
-111235
-111235
-111235
-111235
-111235
-111235
-111235
-111235
-111235
-111235
-111235
-111235
-111235
-111235
-111235
-111235
-111235
-111235
-111235
-111235
-111235
-109862
-109862
-109862
-109862
-109862
-109862
-109862
-109862
-109862
-109862
-109862
-109862
-109862
-109862
-109862
-109862
-109862
-109862
-109862
-109862
-109862
-109862
-109862
-109862
-109862
-109862
-109862
-109862
-109404
-109404
-109404
-109404
-109404
-109404
-109404
-109404
-109404
-109404
-109404
-109404
-109404
-109404
-109404
-109404
-109404
-109404
-109404
-109404
-109404
-109404
-109404
-109404
-109404
-109404
-109404
-109404
-106810
-106810
