-2000568
-2000568
-2000568
-2000568
-2000568
-2000568
-2000568
-2000568
-2000568
-2000568
-2000568
-2000568
-2000568
-2000568
-2021167
-2021167
-2021167
-2021167
-2021167
-2021167
-2021167
-2021167
-2021167
-2021167
-2021167
-2021167
-2021167
-2021167
-2021167
-2021167
-2021167
-2021167
-2021167
-2021167
-2021167
-2021167
-2021167
-2021167
-2021167
-2021167
-2021167
-2021167
-2021167
-2028491
-2028491
-2028491
-2028491
-2028491
-2028491
-2028491
-2028491
-2028491
-2028491
-2028491
-2028491
-2028491
-2028491
-2028491
-2028491
-2028491
-2028491
-2028491
-2028491
-2028491
-2028491
-2028491
-2028491
-2028491
-2028491
-2028491
-2028491
-2021930
-2021930
-2021930
-2021930
-2021930
-2021930
-2021930
-2021930
-2021930
-2021930
-2021930
-2021930
-2021930
-2021930
-2021930
-2021930
-2021930
-2021930
-2021930
-2021930
-2021930
-2021930
-2021930
-2021930
-2021930
-2021930
-2021930
-2021930
-2012012
-2012012
-2012012
-2012012
-2012012
-2012012
-2012012
-2012012
-2012012
-2012012
-2012012
-2012012
-2012012
-2012012
-2012012
-2012012
-2012012
-2012012
-2012012
-2012012
-2012012
-2012012
-2012012
-2012012
-2012012
-2012012
-2012012
-2012012
-2012317
-2012317
-2012317
-2012317
-2012317
-2012317
-2012317
-2012317
-2012317
-2012317
-2012317
-2012317
-2012317
-2012317
-2012317
-2012317
-2012317
-2012317
-2012317
-2012317
-2012317
-2012317
-2012317
-2012317
-2012317
-2012317
-2012317
-2012317
-1991870
-1991870
-1991870
-1991870
-1991870
-1991870
-1991870
-1991870
-1991870
-1991870
-1991870
-1991870
-1991870
-1991870
-1991870
-1991870
-1991870
-1991870
-1991870
-1991870
-1991870
-1991870
-1991870
-1991870
-1991870
-1991870
-1991870
-1991870
-1935108
-1935108
-1935108
-1935108
-1935108
-1935108
-1935108
-1935108
-1935108
-1935108
-1935108
-1935108
-1935108
-1935108
-1935108
-1935108
-1935108
-1935108
-1935108
-1935108
-1935108
-1935108
-1935108
-1935108
-1935108
-1935108
-1935108
-1935108
-2012317
-2012317
-2012317
-2012317
-2012317
-2012317
-2012317
-2012317
-2012317
-2012317
-2012317
-2012317
-2012317
-2012317
-2012317
-2012317
-2012317
-2012317
-2012317
-2012317
-2012317
-2012317
-2012317
-2012317
-2012317
-2012317
-2012317
-2012317
-2011401
-2011401
-2011401
-2011401
-2011401
-2011401
-2011401
-2011401
-2011401
-2011401
-2011401
-2011401
-2011401
-2011401
-2011401
-2011401
-2011401
-2011401
-2011401
-2011401
-2011401
-2011401
-2011401
-2011401
-2011401
-2011401
-2011401
-2011401
-1967304
-1967304
-1967304
-1967304
-1967304
-1967304
-1967304
-1967304
-1967304
-1967304
-1967304
-1967304
-1967304
-1967304
-1967304
-1967304
-1967304
-1967304
-1967304
-1967304
-1967304
-1967304
-1967304
-1967304
-1967304
-1967304
-1967304
-1967304
-2005298
-2005298
-2005298
-2005298
-2005298
-2005298
-2005298
-2005298
-2005298
-2005298
-2005298
-2005298
-2005298
-2005298
-2005298
-2005298
-2005298
-2005298
-2005298
-2005298
-2005298
-2005298
-2005298
-2005298
-2005298
-2005298
-2005298
-2005298
-1957080
-1957080
-1957080
-1957080
-1957080
-1957080
-1957080
-1957080
-1957080
-1957080
-1957080
-1957080
-1957080
-1957080
-1957080
-1957080
-1957080
-1957080
-1957080
-1957080
-1957080
-1957080
-1957080
-1957080
-1957080
-1957080
-1957080
-1957080
-1999805
-1999805
-1999805
-1999805
-1999805
-1999805
-1999805
-1999805
-1999805
-1999805
-1999805
-1999805
-1999805
-1999805
-1999805
-1999805
-1999805
-1999805
-1999805
-1999805
-1999805
-1999805
-1999805
-1999805
-1999805
-1999805
-1999805
-1999805
-1998889
-1998889
-1998889
-1998889
-1998889
-1998889
-1998889
-1998889
-1998889
-1998889
-1998889
-1998889
-1998889
-1998889
-1998889
-1998889
-1998889
-1998889
-1998889
-1998889
-1998889
-1998889
-1998889
-1998889
-1998889
-1998889
-1998889
-1998889
-1995532
-1995532
-1995532
-1995532
-1995532
-1995532
-1995532
-1995532
-1995532
-1995532
-1995532
-1995532
-1995532
-1995532
-1995532
-1995532
-1995532
-1995532
-1995532
-1995532
-1995532
-1995532
-1995532
-1995532
-1995532
-1995532
-1995532
-1995532
-1992023
-1992023
-1992023
-1992023
-1992023
-1992023
-1992023
-1992023
-1992023
-1992023
-1992023
-1992023
-1992023
-1992023
-1992023
-1992023
-1992023
-1992023
-1992023
-1992023
-1992023
-1992023
-1992023
-1992023
-1992023
-1992023
-1992023
-1992023
-1963947
-1963947
-1963947
-1963947
-1963947
-1963947
-1963947
-1963947
-1963947
-1963947
-1963947
-1963947
-1963947
-1963947
-1963947
-1963947
-1963947
-1963947
-1963947
-1963947
-1963947
-1963947
-1963947
-1963947
-1963947
-1963947
-1963947
-1963947
-1913440
-1913440
-1913440
-1913440
-1913440
-1913440
-1913440
-1913440
-1913440
-1913440
-1913440
-1913440
-1913440
-1913440
-1913440
-1913440
-1913440
-1913440
-1913440
-1913440
-1913440
-1913440
-1913440
-1913440
-1913440
-1913440
-1913440
-1913440
-1978290
-1978290
-1978290
-1978290
-1978290
-1978290
-1978290
-1978290
-1978290
-1978290
-1978290
-1978290
-1978290
-1978290
-1978290
-1978290
-1978290
-1978290
-1978290
-1978290
-1978290
-1978290
-1978290
-1978290
-1978290
-1978290
-1978290
-1978290
-1978290
-1976764
-1976764
-1976764
-1976764
-1976764
-1976764
-1976764
-1976764
-1976764
-1976764
-1976764
-1976764
-1976764
-1976764
-1976764
-1976764
-1976764
-1976764
-1976764
-1976764
-1976764
-1976764
-1976764
-1976764
-1976764
-1976764
-1976764
-1976764
-1914509
-1914509
-1914509
-1914509
-1914509
-1914509
-1914509
-1914509
-1914509
-1914509
-1914509
-1914509
-1914509
-1914509
-1914509
-1914509
-1914509
-1914509
-1914509
-1914509
-1914509
-1914509
-1914509
-1914509
-1914509
-1914509
-1914509
-1914509
-1969135
-1969135
-1969135
-1969135
-1969135
-1969135
-1969135
-1969135
-1969135
-1969135
-1969135
-1969135
-1969135
-1969135
-1969135
-1969135
-1969135
-1969135
-1969135
-1969135
-1969135
-1969135
-1969135
-1969135
-1969135
-1969135
-1969135
-1969135
-1874989
-1874989
-1874989
-1874989
-1874989
-1874989
-1874989
-1874989
-1874989
-1874989
-1874989
-1874989
-1874989
-1874989
-1874989
-1874989
-1874989
-1874989
-1874989
-1874989
-1874989
-1874989
-1874989
-1874989
-1874989
-1874989
-1874989
-1874989
-1950061
-1950061
-1950061
-1950061
-1950061
-1950061
-1950061
-1950061
-1950061
-1950061
-1950061
-1950061
-1950061
-1950061
-1950061
-1950061
-1950061
-1950061
-1950061
-1950061
-1950061
-1950061
-1950061
-1950061
-1950061
-1950061
-1950061
-1950061
-1896961
-1896961
-1896961
-1896961
-1896961
-1896961
-1896961
-1896961
-1896961
-1896961
-1896961
-1896961
-1896961
-1896961
-1896961
-1896961
-1896961
-1896961
-1896961
-1896961
-1896961
-1896961
-1896961
-1896961
-1896961
-1896961
-1896961
-1896961
-1947162
-1947162
-1947162
-1947162
-1947162
-1947162
-1947162
-1947162
-1947162
-1947162
-1947162
-1947162
-1947162
-1947162
-1947162
-1947162
-1947162
-1947162
-1947162
-1947162
-1947162
-1947162
-1947162
-1947162
-1947162
-1947162
-1947162
-1947162
-1947162
-1877430
-1877430
-1877430
-1877430
-1877430
-1877430
-1877430
-1877430
-1877430
-1877430
-1877430
-1877430
-1877430
-1877430
-1877430
-1877430
-1877430
-1877430
-1877430
-1877430
-1877430
-1877430
-1877430
-1877430
-1877430
-1877430
-1877430
-1877430
-1940906
-1940906
-1940906
-1940906
-1940906
-1940906
-1940906
-1940906
-1940906
-1940906
-1940906
-1940906
-1940906
-1940906
-1940906
-1940906
-1940906
-1940906
-1940906
-1940906
-1940906
-1940906
-1940906
-1940906
-1940906
-1940906
-1940906
-1940906
-1824787
-1824787
-1824787
-1824787
-1824787
-1824787
-1824787
-1824787
-1824787
-1824787
-1824787
-1824787
-1824787
-1824787
-1824787
-1824787
-1824787
-1824787
-1824787
-1824787
-1824787
-1824787
-1824787
-1824787
-1824787
-1824787
-1824787
-1824787
-1937091
-1937091
-1937091
-1937091
-1937091
-1937091
-1937091
-1937091
-1937091
-1937091
-1937091
-1937091
-1937091
-1937091
-1937091
-1937091
-1937091
-1937091
-1937091
-1937091
-1937091
-1937091
-1937091
-1937091
-1937091
-1937091
-1937091
-1937091
-1927326
-1927326
-1927326
-1927326
-1927326
-1927326
-1927326
-1927326
-1927326
-1927326
-1927326
-1927326
-1927326
-1927326
-1927326
-1927326
-1927326
-1927326
-1927326
-1927326
-1927326
-1927326
-1927326
-1927326
-1927326
-1927326
-1927326
-1927326
-1927326
-1935108
-1935108
-1935108
-1935108
-1935108
-1935108
-1935108
-1935108
-1935108
-1935108
-1935108
-1935108
-1935108
-1935108
-1935108
-1935108
-1935108
-1935108
-1935108
-1935108
-1935108
-1935108
-1935108
-1935108
-1935108
-1935108
-1935108
-1935108
-1873615
-1873615
-1873615
-1873615
-1873615
-1873615
-1873615
-1873615
-1873615
-1873615
-1873615
-1873615
-1873615
-1873615
-1873615
-1873615
-1873615
-1873615
-1873615
-1873615
-1873615
-1873615
-1873615
-1873615
-1873615
-1873615
-1873615
-1873615
-1925495
-1925495
-1925495
-1925495
-1925495
-1925495
-1925495
-1925495
-1925495
-1925495
-1925495
-1925495
-1925495
-1925495
-1925495
-1925495
-1925495
-1925495
-1925495
-1925495
-1925495
-1925495
-1925495
-1925495
-1925495
-1925495
-1925495
-1925495
-1872547
-1872547
-1872547
-1872547
-1872547
-1872547
-1872547
-1872547
-1872547
-1872547
-1872547
-1872547
-1872547
-1872547
-1872547
-1872547
-1872547
-1872547
-1872547
-1872547
-1872547
-1872547
-1872547
-1872547
-1872547
-1872547
-1872547
-1872547
-1930225
-1930225
-1930225
-1930225
-1930225
-1930225
-1930225
-1930225
-1930225
-1930225
-1930225
-1930225
-1930225
-1930225
-1930225
-1930225
-1930225
-1930225
-1930225
-1930225
-1930225
-1930225
-1930225
-1930225
-1930225
-1930225
-1930225
-1930225
-1930225
-1929462
-1929462
-1929462
-1929462
-1929462
-1929462
-1929462
-1929462
-1929462
-1929462
-1929462
-1929462
-1929462
-1929462
-1929462
-1929462
-1929462
-1929462
-1929462
-1929462
-1929462
-1929462
-1929462
-1929462
-1929462
-1929462
-1929462
-1929462
-1927936
-1927936
-1927936
-1927936
-1927936
-1927936
-1927936
-1927936
-1927936
-1927936
-1927936
-1927936
-1927936
-1927936
-1927936
-1927936
-1927936
-1927936
-1927936
-1927936
-1927936
-1927936
-1927936
-1927936
-1927936
-1927936
-1927936
-1927936
-1898792
-1898792
-1898792
-1898792
-1898792
-1898792
-1898792
-1898792
-1898792
-1898792
-1898792
-1898792
-1898792
-1898792
-1898792
-1898792
-1898792
-1898792
-1898792
-1898792
-1898792
-1898792
-1898792
-1898792
-1898792
-1898792
-1898792
-1898792
-1917560
-1917560
-1917560
-1917560
-1917560
-1917560
-1917560
-1917560
-1917560
-1917560
-1917560
-1917560
-1917560
-1917560
-1917560
-1917560
-1917560
-1917560
-1917560
-1917560
-1917560
-1917560
-1917560
-1917560
-1917560
-1917560
-1917560
-1917560
-1904896
-1904896
-1904896
-1904896
-1904896
-1904896
-1904896
-1904896
-1904896
-1904896
-1904896
-1904896
-1904896
-1904896
-1904896
-1904896
-1904896
-1904896
-1904896
-1904896
-1904896
-1904896
-1904896
-1904896
-1904896
-1904896
-1904896
-1904896
-1902454
-1902454
-1902454
-1902454
-1902454
-1902454
-1902454
-1902454
-1902454
-1902454
-1902454
-1902454
-1902454
-1902454
-1902454
-1902454
-1902454
-1902454
-1902454
-1902454
-1902454
-1902454
-1902454
-1902454
-1902454
-1902454
-1902454
-1902454
-1923053
-1923053
-1923053
-1923053
-1923053
-1923053
-1923053
-1923053
-1923053
-1923053
-1923053
-1923053
-1923053
-1923053
-1923053
-1923053
-1923053
-1923053
-1923053
-1923053
-1923053
-1923053
-1923053
-1923053
-1923053
-1923053
-1923053
-1923053
-1921222
-1921222
-1921222
-1921222
-1921222
-1921222
-1921222
-1921222
-1921222
-1921222
-1921222
-1921222
-1921222
-1921222
-1921222
-1921222
-1921222
-1921222
-1921222
-1921222
-1921222
-1921222
-1921222
-1921222
-1921222
-1921222
-1921222
-1921222
-1922901
-1922901
-1922901
-1922901
-1922901
-1922901
-1922901
-1922901
-1922901
-1922901
-1922901
-1922901
-1922901
-1922901
-1922901
-1922901
-1922901
-1922901
-1922901
-1922901
-1922901
-1922901
-1922901
-1922901
-1922901
-1922901
-1922901
-1922901
-1922901
-1920307
-1920307
-1920307
-1920307
-1920307
-1920307
-1920307
-1920307
-1920307
-1920307
-1920307
-1920307
-1920307
-1920307
-1920307
-1920307
-1920307
-1920307
-1920307
-1920307
-1920307
-1920307
-1920307
-1920307
-1920307
-1920307
-1920307
-1920307
-1921985
-1921985
-1921985
-1921985
-1921985
-1921985
-1921985
-1921985
-1921985
-1921985
-1921985
-1921985
-1921985
-1921985
-1921985
-1921985
-1921985
-1921985
-1921985
-1921985
-1921985
-1921985
-1921985
-1921985
-1921985
-1921985
-1921985
-1921985
-1860340
-1860340
-1860340
-1860340
-1860340
-1860340
-1860340
-1860340
-1860340
-1860340
-1860340
-1860340
-1860340
-1860340
-1860340
-1860340
-1860340
-1860340
-1860340
-1860340
-1860340
-1860340
-1860340
-1860340
-1860340
-1860340
-1860340
-1860340
-1919697
-1919697
-1919697
-1919697
-1919697
-1919697
-1919697
-1919697
-1919697
-1919697
-1919697
-1919697
-1919697
-1919697
-1919697
-1919697
-1919697
-1919697
-1919697
-1919697
-1919697
-1919697
-1919697
-1919697
-1919697
-1919697
-1919697
-1919697
-1920307
-1920307
-1920307
-1920307
-1920307
-1920307
-1920307
-1920307
-1920307
-1920307
-1920307
-1920307
-1920307
-1920307
-1920307
-1920307
-1920307
-1920307
-1920307
-1920307
-1920307
-1920307
-1920307
-1920307
-1920307
-1920307
-1920307
-1920307
-1920002
-1920002
-1920002
-1920002
-1920002
-1920002
-1920002
-1920002
-1920002
-1920002
-1920002
-1920002
-1920002
-1920002
-1920002
-1920002
-1920002
-1920002
-1920002
-1920002
-1920002
-1920002
-1920002
-1920002
-1920002
-1920002
-1920002
-1920002
-1918934
-1918934
-1918934
-1918934
-1918934
-1918934
-1918934
-1918934
-1918934
-1918934
-1918934
-1918934
-1918934
-1918934
-1918934
-1918934
-1918934
-1918934
-1918934
-1918934
-1918934
-1918934
-1918934
-1918934
-1918934
-1918934
-1918934
-1918934
-1918934
-1879719
-1879719
-1879719
-1879719
-1879719
-1879719
-1879719
-1879719
-1879719
-1879719
-1879719
-1879719
-1879719
-1879719
-1879719
-1879719
-1879719
-1879719
-1879719
-1879719
-1879719
-1879719
-1879719
-1879719
-1879719
-1879719
-1879719
-1879719
-1905964
-1905964
-1905964
-1905964
-1905964
-1905964
-1905964
-1905964
-1905964
-1905964
-1905964
-1905964
-1905964
-1905964
-1905964
-1905964
-1905964
-1905964
-1905964
-1905964
-1905964
-1905964
-1905964
-1905964
-1905964
-1905964
-1905964
-1905964
-1909168
-1909168
-1909168
-1909168
-1909168
-1909168
-1909168
-1909168
-1909168
-1909168
-1909168
-1909168
-1909168
-1909168
-1909168
-1909168
-1909168
-1909168
-1909168
-1909168
-1909168
-1909168
-1909168
-1909168
-1909168
-1909168
-1909168
-1909168
-1912830
-1912830
-1912830
-1912830
-1912830
-1912830
-1912830
-1912830
-1912830
-1912830
-1912830
-1912830
-1912830
-1912830
-1912830
-1912830
-1912830
-1912830
-1912830
-1912830
-1912830
-1912830
-1912830
-1912830
-1912830
-1912830
-1912830
-1912830
-1905353
-1905353
-1905353
-1905353
-1905353
-1905353
-1905353
-1905353
-1905353
-1905353
-1905353
-1905353
-1905353
-1905353
-1905353
-1905353
-1905353
-1905353
-1905353
-1905353
-1905353
-1905353
-1905353
-1905353
-1905353
-1905353
-1905353
-1905353
-1871784
-1871784
-1871784
-1871784
-1871784
-1871784
-1871784
-1871784
-1871784
-1871784
-1871784
-1871784
-1871784
-1871784
-1871784
-1871784
-1871784
-1871784
-1871784
-1871784
-1871784
-1871784
-1871784
-1871784
-1871784
-1871784
-1871784
-1871784
-1871784
-1914203
-1914203
-1914203
-1914203
-1914203
-1914203
-1914203
-1914203
-1914203
-1914203
-1914203
-1914203
-1914203
-1914203
-1914203
-1914203
-1914203
-1914203
-1914203
-1914203
-1914203
-1914203
-1914203
-1914203
-1914203
-1914203
-1914203
-1914203
-1824330
-1824330
-1824330
-1824330
-1824330
-1824330
-1824330
-1824330
-1824330
-1824330
-1824330
-1824330
-1824330
-1824330
-1824330
-1824330
-1824330
-1824330
-1824330
-1824330
-1824330
-1824330
-1824330
-1824330
-1824330
-1824330
-1824330
-1824330
-1911457
-1911457
-1911457
-1911457
-1911457
-1911457
-1911457
-1911457
-1911457
-1911457
-1911457
-1911457
-1911457
-1911457
-1911457
-1911457
-1911457
-1911457
-1911457
-1911457
-1911457
-1911457
-1911457
-1911457
-1911457
-1911457
-1911457
-1911457
-1912220
-1912220
-1912220
-1912220
-1912220
-1912220
-1912220
-1912220
-1912220
-1912220
-1912220
-1912220
-1912220
-1912220
-1912220
-1912220
-1912220
-1912220
-1912220
-1912220
-1912220
-1912220
-1912220
-1912220
-1912220
-1912220
-1912220
-1912220
-1909015
-1909015
-1909015
-1909015
-1909015
-1909015
-1909015
-1909015
-1909015
-1909015
-1909015
-1909015
-1909015
-1909015
-1909015
-1909015
-1909015
-1909015
-1909015
-1909015
-1909015
-1909015
-1909015
-1909015
-1909015
-1909015
-1909015
-1909015
-1908558
-1908558
-1908558
-1908558
-1908558
-1908558
-1908558
-1908558
-1908558
-1908558
-1908558
-1908558
-1908558
-1908558
-1908558
-1908558
-1908558
-1908558
-1908558
-1908558
-1908558
-1908558
-1908558
-1908558
-1908558
-1908558
-1908558
-1908558
-1854847
-1854847
-1854847
-1854847
-1854847
-1854847
-1854847
-1854847
-1854847
-1854847
-1854847
-1854847
-1854847
-1854847
-1854847
-1854847
-1854847
-1854847
-1854847
-1854847
-1854847
-1854847
-1854847
-1854847
-1854847
-1854847
-1854847
-1854847
-1854847
-1856526
-1856526
-1856526
-1856526
-1856526
-1856526
-1856526
-1856526
-1856526
-1856526
-1856526
-1856526
-1856526
-1856526
-1856526
-1856526
-1856526
-1856526
-1856526
-1856526
-1856526
-1856526
-1856526
-1856526
-1856526
-1856526
-1856526
-1856526
-1911457
-1911457
-1911457
-1911457
-1911457
-1911457
-1911457
-1911457
-1911457
-1911457
-1911457
-1911457
-1911457
-1911457
-1911457
-1911457
-1911457
-1911457
-1911457
-1911457
-1911457
-1911457
-1911457
-1911457
-1911457
-1911457
-1911457
-1911457
-1859272
-1859272
-1859272
-1859272
-1859272
-1859272
-1859272
-1859272
-1859272
-1859272
-1859272
-1859272
-1859272
-1859272
-1859272
-1859272
-1859272
-1859272
-1859272
-1859272
-1859272
-1859272
-1859272
-1859272
-1859272
-1859272
-1859272
-1859272
-1875446
-1875446
-1875446
-1875446
-1875446
-1875446
-1875446
-1875446
-1875446
-1875446
-1875446
-1875446
-1875446
-1875446
-1875446
-1875446
-1875446
-1875446
-1875446
-1875446
-1875446
-1875446
-1875446
-1875446
-1875446
-1875446
-1875446
-1875446
-1852101
-1852101
-1852101
-1852101
-1852101
-1852101
-1852101
-1852101
-1852101
-1852101
-1852101
-1852101
-1852101
-1852101
-1852101
-1852101
-1852101
-1852101
-1852101
-1852101
-1852101
-1852101
-1852101
-1852101
-1852101
-1852101
-1852101
-1852101
-1909168
-1909168
-1909168
-1909168
-1909168
-1909168
-1909168
-1909168
-1909168
-1909168
-1909168
-1909168
-1909168
-1909168
-1909168
-1909168
-1909168
-1909168
-1909168
-1909168
-1909168
-1909168
-1909168
-1909168
-1909168
-1909168
-1909168
-1909168
-1851948
-1851948
-1851948
-1851948
-1851948
-1851948
-1851948
-1851948
-1851948
-1851948
-1851948
-1851948
-1851948
-1851948
-1851948
-1851948
-1851948
-1851948
-1851948
-1851948
-1851948
-1851948
-1851948
-1851948
-1851948
-1851948
-1851948
-1851948
-1851948
-1884602
-1884602
-1884602
-1884602
-1884602
-1884602
-1884602
-1884602
-1884602
-1884602
-1884602
-1884602
-1884602
-1884602
-1884602
-1884602
-1884602
-1884602
-1884602
-1884602
-1884602
-1884602
-1884602
-1884602
-1884602
-1884602
-1884602
-1884602
-1824024
-1824024
-1824024
-1824024
-1824024
-1824024
-1824024
-1824024
-1824024
-1824024
-1824024
-1824024
-1824024
-1824024
-1824024
-1824024
-1824024
-1824024
-1824024
-1824024
-1824024
-1824024
-1824024
-1824024
-1824024
-1824024
-1824024
-1824024
-1904590
-1904590
-1904590
-1904590
-1904590
-1904590
-1904590
-1904590
-1904590
-1904590
-1904590
-1904590
-1904590
-1904590
-1904590
-1904590
-1904590
-1904590
-1904590
-1904590
-1904590
-1904590
-1904590
-1904590
-1904590
-1904590
-1904590
-1904590
-1810139
-1810139
-1810139
-1810139
-1810139
-1810139
-1810139
-1810139
-1810139
-1810139
-1810139
-1810139
-1810139
-1810139
-1810139
-1810139
-1810139
-1810139
-1810139
-1810139
-1810139
-1810139
-1810139
-1810139
-1810139
-1810139
-1810139
-1810139
-1907032
-1907032
-1907032
-1907032
-1907032
-1907032
-1907032
-1907032
-1907032
-1907032
-1907032
-1907032
-1907032
-1907032
-1907032
-1907032
-1907032
-1907032
-1907032
-1907032
-1907032
-1907032
-1907032
-1907032
-1907032
-1907032
-1907032
-1907032
-1847218
-1847218
-1847218
-1847218
-1847218
-1847218
-1847218
-1847218
-1847218
-1847218
-1847218
-1847218
-1847218
-1847218
-1847218
-1847218
-1847218
-1847218
-1847218
-1847218
-1847218
-1847218
-1847218
-1847218
-1847218
-1847218
-1847218
-1847218
-1905201
-1905201
-1905201
-1905201
-1905201
-1905201
-1905201
-1905201
-1905201
-1905201
-1905201
-1905201
-1905201
-1905201
-1905201
-1905201
-1905201
-1905201
-1905201
-1905201
-1905201
-1905201
-1905201
-1905201
-1905201
-1905201
-1905201
-1905201
-1905201
-1904743
-1904743
-1904743
-1904743
-1904743
-1904743
-1904743
-1904743
-1904743
-1904743
-1904743
-1904743
-1904743
-1904743
-1904743
-1904743
-1904743
-1904743
-1904743
-1904743
-1904743
-1904743
-1904743
-1904743
-1904743
-1904743
-1904743
-1904743
-1885822
-1885822
-1885822
-1885822
-1885822
-1885822
-1885822
-1885822
-1885822
-1885822
-1885822
-1885822
-1885822
-1885822
-1885822
-1885822
-1885822
-1885822
-1885822
-1885822
-1885822
-1885822
-1885822
-1885822
-1885822
-1885822
-1885822
-1885822
-1885670
-1885670
-1885670
-1885670
-1885670
-1885670
-1885670
-1885670
-1885670
-1885670
-1885670
-1885670
-1885670
-1885670
-1885670
-1885670
-1885670
-1885670
-1885670
-1885670
-1885670
-1885670
-1885670
-1885670
-1885670
-1885670
-1885670
-1885670
-1903370
-1903370
-1903370
-1903370
-1903370
-1903370
-1903370
-1903370
-1903370
-1903370
-1903370
-1903370
-1903370
-1903370
-1903370
-1903370
-1903370
-1903370
-1903370
-1903370
-1903370
-1903370
-1903370
-1903370
-1903370
-1903370
-1903370
-1903370
-1903065
-1903065
-1903065
-1903065
-1903065
-1903065
-1903065
-1903065
-1903065
-1903065
-1903065
-1903065
-1903065
-1903065
-1903065
-1903065
-1903065
-1903065
-1903065
-1903065
-1903065
-1903065
-1903065
-1903065
-1903065
-1903065
-1903065
-1903065
-1901844
-1901844
-1901844
-1901844
-1901844
-1901844
-1901844
-1901844
-1901844
-1901844
-1901844
-1901844
-1901844
-1901844
-1901844
-1901844
-1901844
-1901844
-1901844
-1901844
-1901844
-1901844
-1901844
-1901844
-1901844
-1901844
-1901844
-1901844
-1901539
-1901539
-1901539
-1901539
-1901539
-1901539
-1901539
-1901539
-1901539
-1901539
-1901539
-1901539
-1901539
-1901539
-1901539
-1901539
-1901539
-1901539
-1901539
-1901539
-1901539
-1901539
-1901539
-1901539
-1901539
-1901539
-1901539
-1901539
-1901539
-1900776
-1900776
-1900776
-1900776
-1900776
-1900776
-1900776
-1900776
-1900776
-1900776
-1900776
-1900776
-1900776
-1900776
-1900776
-1900776
-1900776
-1900776
-1900776
-1900776
-1900776
-1900776
-1900776
-1900776
-1900776
-1900776
-1900776
-1900776
-1839436
-1839436
-1839436
-1839436
-1839436
-1839436
-1839436
-1839436
-1839436
-1839436
-1839436
-1839436
-1839436
-1839436
-1839436
-1839436
-1839436
-1839436
-1839436
-1839436
-1839436
-1839436
-1839436
-1839436
-1839436
-1839436
-1839436
-1839436
-1899708
-1899708
-1899708
-1899708
-1899708
-1899708
-1899708
-1899708
-1899708
-1899708
-1899708
-1899708
-1899708
-1899708
-1899708
-1899708
-1899708
-1899708
-1899708
-1899708
-1899708
-1899708
-1899708
-1899708
-1899708
-1899708
-1899708
-1899708
-1880787
-1880787
-1880787
-1880787
-1880787
-1880787
-1880787
-1880787
-1880787
-1880787
-1880787
-1880787
-1880787
-1880787
-1880787
-1880787
-1880787
-1880787
-1880787
-1880787
-1880787
-1880787
-1880787
-1880787
-1880787
-1880787
-1880787
-1880787
-1895740
-1895740
-1895740
-1895740
-1895740
-1895740
-1895740
-1895740
-1895740
-1895740
-1895740
-1895740
-1895740
-1895740
-1895740
-1895740
-1895740
-1895740
-1895740
-1895740
-1895740
-1895740
-1895740
-1895740
-1895740
-1895740
-1895740
-1895740
-1896656
-1896656
-1896656
-1896656
-1896656
-1896656
-1896656
-1896656
-1896656
-1896656
-1896656
-1896656
-1896656
-1896656
-1896656
-1896656
-1896656
-1896656
-1896656
-1896656
-1896656
-1896656
-1896656
-1896656
-1896656
-1896656
-1896656
-1896656
-1896656
-1867207
-1867207
-1867207
-1867207
-1867207
-1867207
-1867207
-1867207
-1867207
-1867207
-1867207
-1867207
-1867207
-1867207
-1867207
-1867207
-1867207
-1867207
-1867207
-1867207
-1867207
-1867207
-1867207
-1867207
-1867207
-1867207
-1867207
-1867207
-1821125
-1821125
-1821125
-1821125
-1821125
-1821125
-1821125
-1821125
-1821125
-1821125
-1821125
-1821125
-1821125
-1821125
-1821125
-1821125
-1821125
-1821125
-1821125
-1821125
-1821125
-1821125
-1821125
-1821125
-1821125
-1821125
-1821125
-1821125
-1873005
-1873005
-1873005
-1873005
-1873005
-1873005
-1873005
-1873005
-1873005
-1873005
-1873005
-1873005
-1873005
-1873005
-1873005
-1873005
-1873005
-1873005
-1873005
-1873005
-1873005
-1873005
-1873005
-1873005
-1873005
-1873005
-1873005
-1873005
-1893604
-1893604
-1893604
-1893604
-1893604
-1893604
-1893604
-1893604
-1893604
-1893604
-1893604
-1893604
-1893604
-1893604
-1893604
-1893604
-1893604
-1893604
-1893604
-1893604
-1893604
-1893604
-1893604
-1893604
-1893604
-1893604
-1893604
-1893604
-1889179
-1889179
-1889179
-1889179
-1889179
-1889179
-1889179
-1889179
-1889179
-1889179
-1889179
-1889179
-1889179
-1889179
-1889179
-1889179
-1889179
-1889179
-1889179
-1889179
-1889179
-1889179
-1889179
-1889179
-1889179
-1889179
-1889179
-1889179
-1892383
-1892383
-1892383
-1892383
-1892383
-1892383
-1892383
-1892383
-1892383
-1892383
-1892383
-1892383
-1892383
-1892383
-1892383
-1892383
-1892383
-1892383
-1892383
-1892383
-1892383
-1892383
-1892383
-1892383
-1892383
-1892383
-1892383
-1892383
-1874073
-1874073
-1874073
-1874073
-1874073
-1874073
-1874073
-1874073
-1874073
-1874073
-1874073
-1874073
-1874073
-1874073
-1874073
-1874073
-1874073
-1874073
-1874073
-1874073
-1874073
-1874073
-1874073
-1874073
-1874073
-1874073
-1874073
-1874073
-1890858
-1890858
-1890858
-1890858
-1890858
-1890858
-1890858
-1890858
-1890858
-1890858
-1890858
-1890858
-1890858
-1890858
-1890858
-1890858
-1890858
-1890858
-1890858
-1890858
-1890858
-1890858
-1890858
-1890858
-1890858
-1890858
-1890858
-1890858
-1834553
-1834553
-1834553
-1834553
-1834553
-1834553
-1834553
-1834553
-1834553
-1834553
-1834553
-1834553
-1834553
-1834553
-1834553
-1834553
-1834553
-1834553
-1834553
-1834553
-1834553
-1834553
-1834553
-1834553
-1834553
-1834553
-1834553
-1834553
-1834553
-1887806
-1887806
-1887806
-1887806
-1887806
-1887806
-1887806
-1887806
-1887806
-1887806
-1887806
-1887806
-1887806
-1887806
-1887806
-1887806
-1887806
-1887806
-1887806
-1887806
-1887806
-1887806
-1887806
-1887806
-1887806
-1887806
-1887806
-1887806
-1878803
-1878803
-1878803
-1878803
-1878803
-1878803
-1878803
-1878803
-1878803
-1878803
-1878803
-1878803
-1878803
-1878803
-1878803
-1878803
-1878803
-1878803
-1878803
-1878803
-1878803
-1878803
-1878803
-1878803
-1878803
-1878803
-1878803
-1878803
-1865070
-1865070
-1865070
-1865070
-1865070
-1865070
-1865070
-1865070
-1865070
-1865070
-1865070
-1865070
-1865070
-1865070
-1865070
-1865070
-1865070
-1865070
-1865070
-1865070
-1865070
-1865070
-1865070
-1865070
-1865070
-1865070
-1865070
-1865070
-1836231
-1836231
-1836231
-1836231
-1836231
-1836231
-1836231
-1836231
-1836231
-1836231
-1836231
-1836231
-1836231
-1836231
-1836231
-1836231
-1836231
-1836231
-1836231
-1836231
-1836231
-1836231
-1836231
-1836231
-1836231
-1836231
-1836231
-1836231
-1885670
-1885670
-1885670
-1885670
-1885670
-1885670
-1885670
-1885670
-1885670
-1885670
-1885670
-1885670
-1885670
-1885670
-1885670
-1885670
-1885670
-1885670
-1885670
-1885670
-1885670
-1885670
-1885670
-1885670
-1885670
-1885670
-1885670
-1885670
-1845234
-1845234
-1845234
-1845234
-1845234
-1845234
-1845234
-1845234
-1845234
-1845234
-1845234
-1845234
-1845234
-1845234
-1845234
-1845234
-1845234
-1845234
-1845234
-1845234
-1845234
-1845234
-1845234
-1845234
-1845234
-1845234
-1845234
-1845234
-1885822
-1885822
-1885822
-1885822
-1885822
-1885822
-1885822
-1885822
-1885822
-1885822
-1885822
-1885822
-1885822
-1885822
-1885822
-1885822
-1885822
-1885822
-1885822
-1885822
-1885822
-1885822
-1885822
-1885822
-1885822
-1885822
-1885822
-1885822
-1885059
-1885059
-1885059
-1885059
-1885059
-1885059
-1885059
-1885059
-1885059
-1885059
-1885059
-1885059
-1885059
-1885059
-1885059
-1885059
-1885059
-1885059
-1885059
-1885059
-1885059
-1885059
-1885059
-1885059
-1885059
-1885059
-1885059
-1885059
-1885059
-1859272
-1859272
-1859272
-1859272
-1859272
-1859272
-1859272
-1859272
-1859272
-1859272
-1859272
-1859272
-1859272
-1859272
-1859272
-1859272
-1859272
-1859272
-1859272
-1859272
-1859272
-1859272
-1859272
-1859272
-1859272
-1859272
-1859272
-1859272
-1831196
-1831196
-1831196
-1831196
-1831196
-1831196
-1831196
-1831196
-1831196
-1831196
-1831196
-1831196
-1831196
-1831196
-1831196
-1831196
-1831196
-1831196
-1831196
-1831196
-1831196
-1831196
-1831196
-1831196
-1831196
-1831196
-1831196
-1831196
-1882770
-1882770
-1882770
-1882770
-1882770
-1882770
-1882770
-1882770
-1882770
-1882770
-1882770
-1882770
-1882770
-1882770
-1882770
-1882770
-1882770
-1882770
-1882770
-1882770
-1882770
-1882770
-1882770
-1882770
-1882770
-1882770
-1882770
-1882770
-1778096
-1778096
-1778096
-1778096
-1778096
-1778096
-1778096
-1778096
-1778096
-1778096
-1778096
-1778096
-1778096
-1778096
-1778096
-1778096
-1778096
-1778096
-1778096
-1778096
-1778096
-1778096
-1778096
-1778096
-1778096
-1778096
-1778096
-1778096
-1880177
-1880177
-1880177
-1880177
-1880177
-1880177
-1880177
-1880177
-1880177
-1880177
-1880177
-1880177
-1880177
-1880177
-1880177
-1880177
-1880177
-1880177
-1880177
-1880177
-1880177
-1880177
-1880177
-1880177
-1880177
-1880177
-1880177
-1880177
-1820210
-1820210
-1820210
-1820210
-1820210
-1820210
-1820210
-1820210
-1820210
-1820210
-1820210
-1820210
-1820210
-1820210
-1820210
-1820210
-1820210
-1820210
-1820210
-1820210
-1820210
-1820210
-1820210
-1820210
-1820210
-1820210
-1820210
-1820210
-1878193
-1878193
-1878193
-1878193
-1878193
-1878193
-1878193
-1878193
-1878193
-1878193
-1878193
-1878193
-1878193
-1878193
-1878193
-1878193
-1878193
-1878193
-1878193
-1878193
-1878193
-1878193
-1878193
-1878193
-1878193
-1878193
-1878193
-1878193
-1878193
-1820820
-1820820
-1820820
-1820820
-1820820
-1820820
-1820820
-1820820
-1820820
-1820820
-1820820
-1820820
-1820820
-1820820
-1820820
-1820820
-1820820
-1820820
-1820820
-1820820
-1820820
-1820820
-1820820
-1820820
-1820820
-1820820
-1820820
-1820820
-1830738
-1830738
-1830738
-1830738
-1830738
-1830738
-1830738
-1830738
-1830738
-1830738
-1830738
-1830738
-1830738
-1830738
-1830738
-1830738
-1830738
-1830738
-1830738
-1830738
-1830738
-1830738
-1830738
-1830738
-1830738
-1830738
-1830738
-1830738
-1814564
-1814564
-1814564
-1814564
-1814564
-1814564
-1814564
-1814564
-1814564
-1814564
-1814564
-1814564
-1814564
-1814564
-1814564
-1814564
-1814564
-1814564
-1814564
-1814564
-1814564
-1814564
-1814564
-1814564
-1814564
-1814564
-1814564
-1814564
-1850117
-1874073
-1874073
-1874073
-1874073
-1874073
-1874073
-1874073
-1874073
-1874073
-1874073
-1873005
-1873005
-1873005
-1873005
-1873005
-1873005
-1873005
-1873005
-1873005
-1846455
-1846455
-1846455
-1846455
-1846455
-1846455
-1846455
-1846455
-1837300
-1837300
-1818837
-1818837
-1818837
-1818837
-1818837
-1818837
-1818837
-1818837
-1818837
-1818837
-1818837
-1818837
-1818837
-1818837
-1818837
-1818837
-1818837
-1818837
-1818837
-1818837
-1818837
-1818837
-1818837
-1818837
-1818837
-1818837
-1846607
-1870258
-1870258
-1870258
-1870258
-1870258
-1870258
-1870258
-1870258
-1870258
-1864002
-1864002
-1864002
-1864002
-1864002
-1864002
-1864002
-1864002
-1864002
-1864002
-1855457
-1855457
-1855457
-1855457
-1855457
-1855457
-1855457
-1855457
-1811970
-1847218
-1847218
-1847218
-1847218
-1847218
-1847218
-1847218
-1847218
-1847218
-1819142
-1819142
-1819142
-1819142
-1819142
-1819142
-1819142
-1819142
-1819142
-1819142
-1830433
-1830433
-1830433
-1830433
-1830433
-1830433
-1830433
-1830433
-1818379
-1815480
-1815480
-1815480
-1815480
-1815480
-1815480
-1815480
-1815480
-1815480
-1815480
-1813649
-1813649
-1813649
-1813649
-1813649
-1813649
-1813649
-1813649
-1813649
-1804036
-1804036
-1804036
-1804036
-1804036
-1804036
-1804036
-1804036
-1788929
-1788929
-1788929
-1788929
-1788929
-1788929
-1788929
-1788929
-1788929
-1788929
-1788929
-1810902
-1810902
-1810902
-1810902
-1810902
-1810902
-1810902
-1810902
-1810902
-1865986
-1865986
-1865986
-1865986
-1865986
-1865986
-1865986
-1865986
-1865986
-1858509
-1858509
-1858509
-1858509
-1858509
-1858509
-1858509
-1858509
-1858509
-1858509
-1814106
-1814106
-1814106
-1814106
-1814106
-1814106
-1814106
-1814106
-1814106
-1836994
-1836994
-1836994
-1836994
-1836994
-1836994
-1836994
-1836994
-1836994
-1828144
-1828144
-1828144
-1828144
-1828144
-1828144
-1828144
-1828144
-1828144
-1828144
-1814259
-1814259
-1814259
-1814259
-1814259
-1814259
-1814259
-1814259
-1814259
-1798085
-1798085
-1798085
-1798085
-1798085
-1798085
-1798085
-1798085
-1798085
-1802357
-1801594
-1801594
-1801594
-1801594
-1801594
-1801594
-1801594
-1801594
-1801594
-1793049
-1793049
-1793049
-1793049
-1793049
-1793049
-1793049
-1793049
-1793049
-1793049
-1793049
-1793049
-1793049
-1793049
-1793049
-1793049
-1793049
-1793049
-1777485
-1777485
-1777485
-1777485
-1777485
-1777485
-1777485
-1777485
-1777485
-1777485
-1777485
-1777485
-1777485
-1777485
-1777485
-1777485
-1777485
-1777485
-1777485
-1777485
-1777485
-1777485
-1777485
-1777485
-1777485
-1777485
-1777485
-1777485
-1747426
-1747426
-1747426
-1747426
-1747426
-1747426
-1747426
-1744984
-1744984
-1744984
-1744984
-1744984
-1744984
-1744984
-1744984
-1744984
-1736745
-1736745
-1736745
-1736745
-1736745
-1736745
-1736745
-1736745
-1736745
-1736745
-1727284
-1727284
-1725911
-1725911
-1725911
-1725911
-1725911
-1725911
-1725911
-1720265
-1720265
-1720265
-1720265
-1720265
-1720265
-1720265
-1720265
-1720265
-1720265
-1712941
-1712941
-1712941
-1712941
-1712941
-1712941
-1712941
-1712941
-1712941
-246733
-246733
-1704244
-1704244
-1704244
-1704244
-1704244
-1704244
-1704244
-1697530
-1697530
-1697530
-1697530
-1697530
-1697530
-1697530
-1697530
-1697530
-1697530
-1688680
-1688680
-1688680
-1688680
-1688680
-1688680
-1688680
-1688680
-1688680
-1681203
-1681203
-1681203
-1678762
-1678762
-1678762
-1678762
-1678762
-1678762
-1671895
-1671895
-1671895
-1671895
-1671895
-1671895
-1671895
-1671895
-1671895
-1671895
-1663961
-1663961
-1663961
-1663961
-1663961
-1663961
-1663961
-1663961
-1663961
-1663961
-1663961
-1663961
-1654500
-1654500
-1654500
-1654500
-1654500
-1654500
-1654500
-1654500
-1654500
-1654500
-1654500
-1654500
-1654500
-1654500
-1654500
-1654500
-1654500
-1654500
-1654500
-1654500
-1634511
-1634511
-1634511
-1634511
-1634511
-1634511
-1634511
-1634511
-1627492
-1627492
-1626882
-1626882
-1626882
-1626882
-1626882
-1626882
-1626882
-1626882
-1626882
-1619405
-1619405
-1619405
-1619405
-1619405
-1619405
-1619405
-1619405
-1619405
-1619405
-1610403
-1610403
-1610403
-1610403
-1610403
-1610403
-1610403
-1603536
-1603536
-1602163
-1602163
-1602163
-1602163
-1602163
-1602163
-1602163
-1602163
-1602163
-1593160
-1593160
-1593160
-1593160
-1593160
-1593160
-1593160
-1593160
-1593160
-1593160
-1585073
-1585073
-1585073
-1585073
-1585073
-1585073
-1585073
-1578970
-1578970
-1576834
-1576834
-1576834
-1576834
-1576834
-1576834
-1576834
-1576834
-1576834
-1570120
-1570120
-1570120
-1570120
-1570120
-1570120
-1570120
-1570120
-1570120
-1570120
-1560812
-1560812
-1560812
-1560812
-1560812
-1560812
-1560812
-1554861
-1554861
-1554861
-1554861
-1554861
-1554861
-1554861
-1554861
-1554861
-1554861
-1554861
-1554861
-1554861
-1554861
-1554861
-1554861
-1554861
-1554861
-1554861
-1554861
-1554861
-1554861
-1554861
-1554861
-1554861
-1554861
-1554861
-1554861
-1528311
-1528311
-1528311
-1528311
-1528311
-1528311
-1528311
-1528311
-1528311
-1528311
-1528311
-1528311
-1528311
-1528311
-1528311
-1528311
-1528311
-1528311
-1528311
-1528311
-1528311
-1528311
-1510763
-1510763
-1510763
-1510763
-1510763
-1510763
-1505575
-1505575
-1505575
-1505575
-1504355
-1504355
-1504355
-1504355
-1504355
-1504355
-1504355
-1504355
-1504355
-1494131
-1494131
-1494131
-1494131
-1494131
-1494131
-1494131
-1494131
-1494131
-1486197
-1486197
-1486197
-1486197
-1486197
-1486197
-1481467
-1481467
-1481467
-1481467
-1478568
-1478568
-1478568
-1478568
-1478568
-1478568
-1478568
-1478568
-1478568
-1472006
-1472006
-1472006
-1472006
-1472006
-1472006
-1472006
-1472006
-1472006
-1464987
-1464987
-1464987
-1464987
-1464987
-1464987
-1464987
-1459952
-1459952
-1459952
-1456137
-1456137
-1456137
-1456137
-1456137
-1456137
-1456137
-1456137
-1456137
-1447592
-1447592
-1447592
-1447592
-1447592
-1447592
-1447592
-1447592
-1447592
-1447592
-1439963
-1439963
-1439963
-1439963
-1439963
-1439963
-1433249
-1433249
-1433249
-1433249
-1433249
-1433249
-1433249
-1433249
-1433249
-1433249
-1433249
-1433249
-1433249
-1433249
-1433249
-1433249
-1433249
-1433249
-1433249
-1433249
-1433249
-1433249
-1433249
-1433249
-1433249
-1433249
-1433249
-1433249
-1409446
-1409446
-1409446
-1409446
-1409446
-1409446
-1409446
-1409446
-1409446
-1409446
-1409446
-1409446
-1409446
-1409446
-1409446
-1409446
-1409446
-1409446
-1409446
-1409446
-1409446
-1409446
-1409446
-1409446
-1409446
-1409446
-1409446
-1409446
-1389609
-1389609
-1389609
-1389609
-1389609
-1389609
-1389609
-1389609
-1389609
-1389609
-1389609
-1389609
-1377555
-1377555
-1377555
-1377555
-1377555
-1377555
-1377555
-1377555
-1377555
-1369468
-1369468
-1369468
-1369468
-1369468
-1369468
-1369468
-1363670
-1363670
-1362754
-1362754
-1362754
-1362754
-1362754
-1362754
-1362754
-1362754
-1362754
-1362754
-1354667
-1354667
-1354667
-1354667
-1354667
-1354667
-1354667
-1354667
-1354667
-1347343
-1347343
-1347343
-1347343
-1347343
-1347343
-1347343
-1347343
-1341850
-1341850
-1340171
-1340171
-1340171
-1340171
-1340171
-1340171
-1340171
-1340171
-1340171
-1332237
-1332237
-1332237
-1332237
-1332237
-1332237
-1332237
-1332237
-1332237
-1324149
-1324149
-1324149
-1324149
-1324149
-1324149
-1324149
-1324149
-1320945
-1320945
-1317283
-1317283
-1317283
-1317283
-1317283
-1317283
-1317283
-1317283
-1317283
-1309654
-1309654
-1308128
-1308128
-1308128
-1308128
-1308128
-1308128
-1308128
-1308128
-1308128
-1299888
-1299888
-1299888
-1299888
-1299888
-1299888
-1296226
-1296226
-1296226
-1292717
-1292717
-1292717
-1292717
-1292717
-1292717
-1292717
-1292717
-1292717
-1292717
-1283867
-1283867
-1283867
-1283867
-1283867
-1283867
-1283867
-1283867
-1283867
-1275016
-1275016
-1275016
-1275016
-1275016
-1275016
-1271049
-1271049
-1271049
-1271049
-1268760
-1268760
-1268760
-1268760
-1268760
-1268760
-1268760
-1268760
-1268760
-1262199
-1262199
-1262199
-1262199
-1262199
-1262199
-1262199
-1262199
-1262199
-1254112
-1254112
-1254112
-1254112
-1254112
-1254112
-1248619
-1248619
-1248619
-1248619
-247801
-247801
-247801
-247801
-247801
-247801
-247801
-247801
-247801
-1240684
-1240684
-1240684
-1240684
-1240684
-1240684
-1240684
-1240684
-1240684
-1240684
-1231987
-1231987
-1231987
-1231987
-1231987
-1227867
-1227867
-1227867
-1227867
-1227867
-1227867
-1227867
-1227867
-1227867
-1227867
-1227867
-1227867
-1227867
-1227867
-1227867
-1227867
-1227867
-1227867
-1227867
-1227867
-1227867
-1227867
-1227867
-1227867
-1227867
-1227867
-1227867
-1227867
-1227867
-1204826
-1204826
-1204826
-1204826
-1204826
-1204826
-1204826
-1204826
-1204826
-1204826
-1204826
-1204826
-1204826
-1204826
-1204826
-1204826
-1204826
-1204826
-1204826
-1204826
-1204826
-1204826
-1204826
-1204826
-1204826
-1204826
-1204826
-1204826
-1184990
-1184990
-1184990
-1184990
-1184990
-1184990
-1184990
-1184990
-1184990
-1184990
-1184990
-1184990
-1184990
-1184990
-1184990
-1184990
-1184990
-1184990
-1184990
-1184990
-1184990
-1184990
-1184990
-1184990
-1184990
-1184990
-1184990
-1184990
-1162560
-1162560
-1162560
-1162560
-1162560
-1162560
-1162560
-1162560
-1162560
-1162560
-1153710
-1153710
-1153710
-1153710
-1153710
-1153710
-1153710
-1153710
-1153710
-1147149
-1147149
-1147149
-1147149
-1147149
-1147149
-1147149
-1147149
-1147149
-1141198
-1141198
-1141198
-1141198
-1141198
-1141198
-1141198
-1141198
-1141198
-1141198
-1133416
-1133416
-1133416
-1133416
-1133416
-1133416
-1133416
-1133416
-1133416
-1126244
-1126244
-1126244
-1126244
-1126244
-1126244
-1126244
-1126244
-1126244
-1118462
-1118462
-1118462
-1118462
-1118462
-1118462
-1118462
-1118462
-1118462
-1118462
-1112359
-1112359
-1112359
-1112359
-1112359
-1112359
-1112359
-1112359
-1112359
-1107476
-1107476
-1107476
-1107476
-1107476
-1107476
-1107476
-1107476
-1107476
-1099389
-1099236
-1099236
-1099236
-1099236
-1099236
-1099236
-1099236
-1099236
-1099236
-1092217
-1092217
-1092217
-1092217
-1092217
-1092217
-1092217
-1092217
-1092217
-1092217
-1092217
-1092217
-1092217
-1092217
-1092217
-1092217
-1092217
-1092217
-1077721
-1077721
-1077721
-1077721
-1077721
-1077721
-1077721
-1072839
-1072839
-1072839
-1072839
-1072839
-1072839
-1072839
-1072839
-1072839
-1066277
-1066277
-1066277
-1066277
-1066277
-1066277
-1066277
-1066277
-1066277
-1066277
-1059106
-1059106
-1056359
-1056359
-1056359
-1056359
-1056359
-1056359
-1056359
-1051171
-1051171
-1051171
-1051171
-1051171
-1051171
-1051171
-1051171
-1051171
-1051171
-1045983
-1045983
-1045983
-1045983
-1045983
-1045983
-1045983
-1045983
-1045983
-1040032
-1040032
-1040032
-1037744
-1037744
-1037744
-1037744
-1037744
-1037744
-1032403
-1032403
-1032403
-1032403
-1032403
-1032403
-1032403
-1032403
-1032403
-1032403
-1026300
-1026300
-1026300
-1026300
-1026300
-1026300
-1026300
-1026300
-1026300
-1019738
-1019738
-1019738
-1016687
-1016687
-1016687
-1016687
-1016687
-1016687
-1014245
-1014245
-1014245
-1014245
-1014245
-1014245
-1014245
-1014245
-1014245
-1014245
-1014245
-1014245
-1014245
-1014245
-1014245
-1014245
-1014245
-1014245
-1014245
-1014245
-1014245
-1014245
-998376
-998376
-998376
-998376
-998376
-998376
-998376
-998376
-998376
-998376
-998376
-998376
-998376
-998376
-998376
-998376
-986322
-986322
-986322
-986322
-986322
-986322
-986322
-986322
-986322
-980829
-980829
-980829
-980524
-980524
-980524
-980524
-980524
-980524
-980524
-975793
-975793
-975793
-975793
-975793
-975793
-975793
-975793
-975793
-968469
-968469
-968469
-968469
-968469
-968469
-968469
-968469
-968469
-962671
-962671
-962671
-961603
-961603
-961603
-961603
-961603
-961603
-961603
-957788
-957788
-957788
-957788
-957788
-957788
-957788
-957788
-957788
-950464
-950464
-950464
-950464
-950464
-950464
-950464
-950464
-950464
-944818
-944818
-944818
-943445
-943445
-943445
-943445
-943445
-943445
-943445
-938104
-938104
-938104
-938104
-938104
-938104
-938104
-938104
-938104
-932611
-932611
-932611
-932611
-932611
-932611
-932611
-932611
-932611
-932611
-932611
-932611
-925592
-925592
-925592
-925592
-925592
-925592
-925592
-925592
-925592
-925592
-925592
-925592
-925592
-925592
-925592
-925592
-925592
-925592
-925592
-925592
-925592
-925592
-925592
-925592
-925592
-925592
-925592
-925592
-908350
-908350
-908350
-908350
-908350
-908350
-908350
-908350
-908350
-908350
-908350
-901331
-901331
-901331
-901331
-901331
-901331
-901331
-901331
-901331
-901331
-895380
-895380
-895380
-895380
-895380
-895380
-895380
-895380
-890955
-889124
-889124
-889124
-889124
-889124
-889124
-889124
-889124
-889124
-883631
-883631
-883631
-883631
-883631
-883631
-883631
-883631
-883631
-883631
-877985
-877985
-877985
-877985
-877985
-877985
-877985
-877985
-874476
-873865
-873865
-873865
-873865
-873865
-873865
-873865
-873865
-873865
-868525
-868525
-868525
-868525
-868525
-868525
-868525
-868525
-868525
-868525
-861353
-861353
-861353
-861353
-861353
-861353
-861353
-861353
-856623
-856165
-856165
-856165
-856165
-856165
-856165
-856165
-856165
-856165
-850977
-850977
-850977
-850977
-850977
-850977
-850977
-850977
-850977
-850977
-850977
-850977
-850977
-850977
-850977
-850977
-850977
-850977
-840144
-840144
-840144
-840144
-840144
-840144
-840144
-840144
-840144
-840144
-840144
-840144
-840144
-840144
-840144
-840144
-840144
-840144
-840144
-840144
-840144
-840144
-840144
-840144
-840144
-840144
-840144
-840144
-824732
-824732
-824732
-824732
-824732
-824732
-824732
-824732
-824732
-824732
-824732
-824732
-824732
-824732
-824732
-824732
-824732
-824732
-824732
-824732
-824732
-824732
-824732
-824732
-824732
-811762
-811762
-811762
-809321
-809321
-809321
-809321
-809321
-809321
-806574
-806574
-806574
-806574
-806574
-806574
-806574
-806574
-806574
-806574
-800471
-800471
-800471
-800471
-800471
-800471
-800471
-800471
-800471
-794825
-794825
-794825
-794825
-793604
-793604
-793604
-793604
-793604
-793604
-790095
-790095
-790095
-790095
-790095
-790095
-790095
-790095
-790095
-786585
-786585
-786585
-786585
-786585
-786585
-786585
-786585
-786585
-780177
-780177
-780177
-780177
-777583
-777583
-777583
-777583
-777583
-777583
-776057
-776057
-776057
-776057
-776057
-776057
-776057
-776057
-776057
-770564
-770564
-770564
-770564
-770564
-770564
-770564
-770564
-770564
-766902
-766902
-766902
-766902
-765376
-765376
-765376
-765376
-765376
-765376
-765376
-765376
-765376
-765376
-765376
-765376
-765376
-765376
-765376
-765376
-765376
-765376
-765376
-765376
-765376
-765376
-765376
-765376
-765376
-765376
-765376
-765376
-750422
-750422
-750422
-750422
-750422
-750422
-750422
-750422
-750422
-750422
-750422
-750422
-750422
-750422
-750422
-750422
-750422
-750422
-750422
-750422
-750422
-750422
-750422
-750422
-750422
-750422
-750422
-750422
-734096
-734096
-734096
-734096
-734096
-734096
-734096
-734096
-734096
-734096
-734096
-734096
-734096
-734096
-734096
-734096
-734096
-734096
-734096
-734096
-734096
-734096
-734096
-734096
-734096
-734096
-734096
-734096
-722499
-722499
-722499
-722499
-722499
-719295
-719295
-719295
-719295
-719295
-719295
-719295
-719295
-719295
-714564
-714564
-714564
-714564
-714564
-714564
-714564
-714564
-714564
-714564
-710750
-710750
-710750
-710750
-707545
-707545
-707545
-707545
-707545
-705562
-705562
-705562
-705562
-705562
-705562
-705562
-705562
-705562
-701595
-701595
-701595
-701595
-701595
-701595
-701595
-701595
-701595
-701595
-697475
-697475
-697475
-697475
-697475
-695033
-695033
-695033
-695033
-693355
-693355
-693355
-693355
-693355
-693355
-693355
-693355
-693355
-688777
-688777
-688777
-688777
-688777
-688777
-688777
-688777
-688777
-688777
-683742
-683742
-683742
-683742
-683742
-682826
-682826
-682826
-682826
-680080
-680080
-680080
-680080
-680080
-680080
-680080
-680080
-680080
-680080
-680080
-680080
-680080
-680080
-680080
-680080
-680080
-680080
-680080
-680080
-680080
-680080
-680080
-680080
-668331
-668331
-668331
-668331
-668331
-668331
-668331
-668331
-668331
-668331
-668331
-668331
-668331
-668331
-668331
-668331
-668331
-668331
-668331
-668331
-668331
-668331
-668331
-668331
-668331
-668331
-668331
-668331
-656124
-656124
-656124
-656124
-656124
-656124
-656124
-656124
-656124
-656124
-656124
-656124
-656124
-656124
-656124
-656124
-656124
-656124
-656124
-656124
-656124
-656124
-656124
-656124
-656124
-656124
-656124
-656124
-643917
-643917
-643917
-643917
-643917
-643917
-643917
-643917
-643917
-643917
-643917
-643917
-643917
-643917
-643917
-643917
-643917
-643917
-643917
-643917
-643917
-643917
-643917
-643917
-643917
-643917
-643917
-643917
-632015
-632015
-632015
-632015
-632015
-632015
-632015
-632015
-632015
-632015
-632015
-632015
-627590
-627590
-627590
-627590
-627590
-627590
-627590
-627590
-627590
-623470
-623470
-623470
-623470
-623470
-623470
-623470
-620571
-620571
-620571
-620266
-620266
-620266
-620266
-620266
-620266
-620266
-620266
-620266
-614620
-614620
-614620
-614620
-614620
-614620
-614620
-614620
-614620
-614620
-610805
-610805
-610805
-610805
-610805
-610805
-607601
-607601
-607601
-607601
-607601
-607601
-607601
-607601
-607601
-607601
-607601
-607601
-602260
-602260
-602260
-602260
-602260
-602260
-602260
-602260
-602260
-602260
-599056
-599056
-599056
-599056
-599056
-599056
-599056
-596157
-596157
-594173
-594173
-594173
-594173
-594173
-594173
-594173
-594173
-594173
-594173
-591427
-591427
-591427
-591427
-591427
-591427
-591427
-591427
-591427
-591427
-591427
-591427
-591427
-591427
-591427
-591427
-584255
-584255
-584255
-584255
-584255
-584255
-584255
-584255
-584255
-584255
-584255
-584255
-584255
-584255
-584255
-584255
-584255
-584255
-584255
-584255
-584255
-584255
-584255
-584255
-584255
-584255
-584255
-584255
-573421
-573421
-573421
-573421
-573421
-573421
-573421
-573421
-573421
-573421
-573421
-573421
-573421
-573421
-573421
-573421
-573421
-573421
-573421
-573421
-573421
-573421
-573421
-573421
-573421
-573421
-573421
-573421
-562740
-562740
-562740
-562740
-562740
-562740
-562740
-562740
-562740
-562740
-562740
-562740
-562740
-562740
-562740
-562740
-562740
-562740
-562740
-562740
-562740
-562740
-562740
-562740
-562740
-562740
-562740
-562740
-552670
-552670
-552670
-552670
-552670
-552670
-552670
-552670
-552670
-552670
-552670
-552670
-552670
-552670
-552670
-552670
-552670
-552670
-552670
-552670
-552670
-552670
-552670
-552670
-552670
-552670
-552670
-552670
-552670
-541836
-541836
-541836
-541836
-541836
-541836
-541836
-541836
-541836
-541836
-541836
-541836
-541836
-541836
-541836
-541836
-541836
-541836
-541836
-541836
-541836
-541836
-541836
-541836
-541836
-541836
-541836
-541836
-532376
-532376
-532376
-532376
-532376
-532376
-532376
-532376
-532376
-532376
-532376
-532376
-532376
-532376
-532376
-532376
-532376
-532376
-532376
-532376
-532376
-532376
-532376
-532376
-532376
-532376
-532376
-532376
-522000
-522000
-522000
-522000
-522000
-522000
-522000
-522000
-522000
-522000
-522000
-522000
-522000
-522000
-522000
-522000
-522000
-522000
-522000
-522000
-522000
-522000
-522000
-522000
-522000
-522000
-522000
-522000
-512844
-512844
-512844
-512844
-512844
-512844
-512844
-512844
-512844
-512844
-512844
-512844
-512844
-512844
-512844
-512844
-512844
-512844
-512844
-512844
-512844
-512844
-512844
-512844
-512844
-512844
-512844
-512844
-245970
-245970
-245970
-245970
-245970
-245970
-245970
-245970
-245970
-245970
-245970
-245970
-245970
-245970
-245970
-497738
-497738
-497738
-497738
-497738
-497738
-497738
-497738
-497738
-495602
-495602
-495602
-495602
-493008
-493008
-493008
-493008
-493008
-493008
-491787
-491787
-491787
-491787
-491787
-491787
-491787
-491787
-491787
-487973
-487973
-487973
-487973
-487973
-487973
-487973
-487973
-487973
-487973
-485837
-485837
-485837
-484463
-484463
-484463
-484463
-484463
-484463
-483090
-483090
-483090
-483090
-483090
-483090
-483090
-483090
-483090
-480038
-480038
-480038
-480038
-480038
-480038
-480038
-480038
-480038
-480038
-476986
-476986
-476986
-474850
-474850
-474850
-474850
-474850
-474850
-245970
-245970
-245970
-245970
-245970
-245970
-245970
-245970
-245970
-470578
-470578
-470578
-470578
-470578
-470578
-470578
-470578
-470578
-470578
-470578
-470578
-470578
-466763
-466763
-466763
-466763
-466763
-466763
-466763
-466763
-466763
-466763
-466763
-466763
-466763
-466763
-466763
-466763
-466763
-466763
-466763
-466763
-466763
-466763
-466763
-466763
-466763
-466763
-466763
-466763
-466763
-457608
-457608
-457608
-457608
-457608
-457608
-457608
-457608
-457608
-457608
-457608
-457608
-457608
-457608
-457608
-457608
-457608
-457608
-457608
-457608
-457608
-457608
-457608
-457608
-457608
-457608
-457608
-457608
-449063
-449063
-449063
-449063
-449063
-449063
-449063
-449063
-449063
-449063
-449063
-449063
-449063
-449063
-449063
-449063
-449063
-449063
-449063
-449063
-449063
-449063
-449063
-449063
-449063
-449063
-449063
-449063
-440976
-440976
-440976
-440976
-440976
-440976
-440976
-440976
-440976
-440976
-440976
-440976
-440976
-440976
-440976
-440976
-440976
-440976
-440976
-440976
-440976
-440976
-440976
-440976
-440976
-440976
-440976
-440976
-433041
-433041
-433041
-433041
-433041
-433041
-433041
-433041
-433041
-433041
-433041
-433041
-433041
-433041
-433041
-433041
-433041
-433041
-433041
-433041
-433041
-433041
-433041
-433041
-433041
-433041
-433041
-433041
-424191
-424191
-424191
-424191
-424191
-424191
-424191
-424191
-424191
-424191
-424191
-424191
-424191
-424191
-424191
-424191
-424191
-424191
-424191
-424191
-424191
-424191
-424191
-424191
-424191
-424191
-424191
-424191
-417020
-417020
-417020
-417020
-417020
-417020
-417020
-417020
-417020
-417020
-417020
-417020
-417020
-417020
-417020
-417020
-417020
-417020
-417020
-417020
-417020
-417020
-417020
-417020
-417020
-417020
-417020
-417020
-417020
-410001
-410001
-410001
-410001
-410001
-410001
-410001
-410001
-410001
-410001
-410001
-410001
-410001
-410001
-410001
-410001
-410001
-410001
-410001
-410001
-410001
-410001
-410001
-410001
-410001
-410001
-410001
-410001
-402677
-402677
-402677
-402677
-402677
-402677
-402677
-402677
-402677
-402677
-402677
-402677
-402677
-402677
-402677
-402677
-402677
-402677
-402677
-402677
-402677
-402677
-402677
-402677
-402677
-402677
-402677
-402677
-395047
-395047
-395047
-395047
-395047
-395047
-395047
-395047
-395047
-395047
-395047
-395047
-395047
-395047
-395047
-395047
-395047
-395047
-395047
-395047
-395047
-395047
-395047
-395047
-395047
-395047
-395047
-395047
-388028
-388028
-388028
-388028
-388028
-388028
-388028
-388028
-388028
-388028
-388028
-388028
-388028
-388028
-388028
-388028
-388028
-388028
-388028
-388028
-388028
-388028
-388028
-388028
-388028
-388028
-388028
-388028
-381467
-381467
-381467
-381467
-381467
-381467
-381467
-381467
-381467
-381467
-381467
-381467
-381467
-381467
-381467
-381467
-381467
-381467
-381467
-377195
-377195
-377195
-377195
-377195
-377195
-377195
-377195
-377195
-374448
-374448
-374448
-374448
-374448
-374448
-374448
-374448
-374448
-374448
-371854
-371854
-371854
-371854
-371854
-371854
-371854
-371854
-371854
-371854
-370176
-370176
-370176
-370176
-370176
-370176
-370176
-370176
-370176
-367734
-367734
-367734
-367734
-367734
-367734
-367734
-367734
-367734
-364988
-364988
-364988
-364988
-364988
-364988
-364988
-364988
-364988
-364988
-364072
-364072
-364072
-364072
-364072
-364072
-364072
-364072
-364072
-361020
-361020
-361020
-361020
-361020
-361020
-361020
-361020
-361020
-361020
-360410
-360410
-360410
-360410
-360410
-360410
-360410
-360410
-360410
-357511
-357511
-357511
-357511
-357511
-357511
-357511
-357511
-357511
-354764
-354764
-354764
-354764
-354764
-354764
-354764
-354764
-354764
-354764
-354764
-354764
-354764
-354764
-354764
-354764
-354764
-354764
-354764
-354764
-354764
-354764
-354764
-354764
-354764
-354764
-354764
-354764
-348203
-348203
-348203
-348203
-348203
-348203
-348203
-348203
-348203
-348203
-348203
-348203
-348203
-348203
-348203
-348203
-348203
-348203
-348203
-344694
-344694
-344694
-344694
-344694
-344694
-344694
-344694
-344694
-342252
-342252
-342252
-342252
-342252
-342252
-342252
-342252
-342252
-342252
-340269
-340269
-340269
-340269
-340269
-340269
-340269
-340269
-340269
-337369
-337369
-337369
-337369
-337369
-337369
-337369
-337369
-337369
-337369
-335996
-335996
-335996
-335996
-335996
-335996
-335996
-335996
-335996
-334470
-334470
-334470
-334470
-334470
-334470
-334470
-334470
-334470
-334470
-332334
-332334
-332334
-332334
-332334
-332334
-332334
-332334
-332334
-329282
-329282
-329282
-329282
-329282
-329282
-329282
-329282
-329282
-327909
-327909
-327909
-327909
-327909
-327909
-327909
-327909
-327909
-327909
-326536
-326536
-326536
-326536
-326536
-326536
-326536
-326536
-326536
-324399
-324399
-324399
-324399
-324399
-324399
-324399
-324399
-324399
-324399
-324399
-324399
-324399
-324399
-324399
-324399
-324399
-324399
-324399
-324399
-324399
-324399
-324399
-324399
-324399
-324399
-324399
-324399
-317991
-317991
-317991
-317991
-317991
-317991
-317991
-317991
-317991
-317991
-317991
-317991
-317991
-317991
-317991
-317991
-317991
-317991
-317991
-317991
-317991
-317991
-317991
-317991
-317991
-317991
-317991
-317991
-312498
-312498
-312498
-312498
-312498
-312498
-312498
-312498
-312498
-312498
-312498
-312498
-312498
-312498
-312498
-312498
-312498
-312498
-312498
-312498
-312498
-312498
-312498
-312498
-312498
-312498
-312498
-312498
-307767
-307767
-307767
-307767
-307767
-307767
-307767
-307767
-307767
-307767
-307767
-307767
-307767
-307767
-307767
-307767
-307767
-307767
-307767
-307767
-307767
-307767
-307767
-307767
-307767
-307767
-307767
-307767
-301969
-301969
-301969
-301969
-301969
-301969
-301969
-301969
-301969
-301969
-301969
-301969
-301969
-301969
-301969
-301969
-301969
-301969
-301969
-301969
-301969
-301969
-301969
-301969
-301969
-301969
-301969
-301969
-301969
-296781
-296781
-296781
-296781
-296781
-296781
-296781
-296781
-296781
-296781
-296781
-296781
-296781
-296781
-296781
-296781
-296781
-296781
-296781
-296781
-296781
-296781
-296781
-296781
-296781
-296781
-296781
-296781
-291898
-291898
-291898
-291898
-291898
-291898
-291898
-291898
-291898
-291898
-291898
-291898
-291898
-291898
-291898
-291898
-291898
-291898
-291898
-291898
-291898
-291898
-291898
-291898
-291898
-291898
-291898
-291898
-285185
-285185
-285185
-285185
-285185
-285185
-285185
-285185
-285185
-285185
-285185
-285185
-285185
-285185
-285185
-285185
-285185
-285185
-285185
-285185
-285185
-285185
-285185
-285185
-285185
-285185
-285185
-285185
-281523
-281523
-281523
-281523
-281523
-281523
-281523
-281523
-281523
-281523
-281523
-281523
-281523
-281523
-281523
-281523
-281523
-281523
-281523
-281523
-281523
-281523
-281523
-281523
-281523
-281523
-281523
-281523
-275266
-275266
-275266
-275266
-275266
-275266
-275266
-275266
-275266
-275266
-275266
-275266
-275266
-275266
-275266
-275266
-275266
-275266
-275266
-275266
-275266
-275266
-275266
-275266
-275266
-275266
-275266
-275266
-275266
-271452
-271452
-271452
-271452
-271452
-271452
-271452
-271452
-271452
-271452
-271452
-271452
-271452
-271452
-271452
-271452
-271452
-271452
-271452
-271452
-271452
-271452
-271452
-271452
-271452
-271452
-271452
-271452
-266416
-266416
-266416
-266416
-266416
-266416
-266416
-266416
-266416
-266416
-266416
-266416
-266416
-266416
-266416
-266416
-266416
-266416
-266416
-266416
-266416
-266416
-266416
-266416
-266416
-266416
-266416
-266416
-263059
-263059
-263059
-263059
-263059
-263059
-263059
-263059
-263059
-263059
-263059
-263059
-263059
-263059
-263059
-263059
-263059
-263059
-263059
-263059
-263059
-263059
-263059
-263059
-263059
-263059
-258482
-258482
-257566
-257566
-257566
-257566
-257566
-257566
-257566
-257566
-256193
-256193
-256193
-256193
-256193
-256193
-256193
-256193
-256193
-255430
-255430
-255430
-255430
-255430
-255430
-255430
-255430
-255430
-254057
-254057
-253294
-253294
-253294
-253294
-253294
-253294
-253294
-253294
-252684
-252684
-252684
-252684
-252684
-252684
-252684
-252684
-252684
-250700
-250700
-250700
-250700
-250700
-250700
-250700
-250700
-250700
-248716
-248716
-248106
-248106
-248106
-248106
-248106
-248106
-248106
-248106
-247343
-247343
-247343
-247343
-247343
-247343
-247343
-247343
-247343
-247801
-247801
-247801
-247801
-247801
-247801
-247801
-247801
-247801
-247801
-245207
-245207
-244749
-244749
-244749
-244749
-244749
-244749
-244749
-244749
-244749
-244749
-244749
-244749
-244749
-244749
-244749
-244749
-244749
-244749
-244749
-244749
-244749
-244749
-244749
-244749
-244749
-244749
-244749
-244749
-241240
-241240
-241240
-241240
-241240
-241240
-241240
-241240
-241240
-241240
-241240
-241240
-241240
-241240
-241240
-241240
-241240
-241240
-241240
-241240
-241240
-241240
-241240
-241240
-241240
-241240
-241240
-241240
-236967
-236967
-236967
-236967
-236967
-236967
-236967
-236967
-236967
-236967
-236967
-236967
-236967
-236967
-236967
-236967
-236967
-236967
-236967
-236967
-236967
-236967
-236967
-236967
-236967
-236967
-236967
-236967
-231932
-231932
-231932
-231932
-231932
-231932
-231932
-231932
-231932
-231932
-231932
-231932
-231932
-231932
-231932
-231932
-231932
-231932
-231932
-231932
-231932
-231932
-231932
-231932
-231932
-231932
-231932
-231932
-228727
-228727
-228727
-228727
-228727
-228727
-228727
-228727
-228727
-228727
-228727
-228727
-228727
-228727
-228727
-228727
-228727
-228727
-228727
-228727
-228727
-228727
-228727
-228727
-228727
-228727
-228727
-228727
-228727
-224760
-224760
-224760
-224760
-224760
-224760
-224760
-224760
-224760
-224760
-224760
-224760
-224760
-224760
-224760
-224760
-224760
-224760
-224760
-224760
-224760
-224760
-224760
-224760
-224760
-224760
-224760
-224760
-220488
-220488
-220488
-220488
-220488
-220488
-220488
-220488
-220488
-220488
-220488
-220488
-220488
-220488
-220488
-220488
-220488
-220488
-220488
-220488
-220488
-220488
-220488
-220488
-220488
-220488
-220488
-220488
-217589
-217589
-217589
-217589
-217589
-217589
-217589
-217589
-217589
-217589
-217589
-217589
-217589
-217589
-217589
-217589
-217589
-217589
-217589
-217589
-217589
-217589
-217589
-217589
-217589
-217589
-217589
-217589
-213469
-213469
-213469
-213469
-213469
-213469
-213469
-213469
-213469
-213469
-213469
-213469
-213469
-213469
-213469
-213469
-213469
-213469
-213469
-213469
-213469
-213469
-213469
-213469
-213469
-213469
-213469
-213469
-210417
-210417
-210417
-210417
-210417
-210417
-210417
-210417
-210417
-210417
-210417
-210417
-210417
-210417
-210417
-210417
-210417
-210417
-210417
-210417
-210417
-210417
-210417
-210417
-210417
-210417
-210417
-210417
-207213
-207213
-207213
-207213
-207213
-207213
-207213
-207213
-207213
-207213
-207213
-207213
-207213
-207213
-207213
-207213
-207213
-207213
-207213
-207213
-207213
-207213
-207213
-207213
-207213
-207213
-207213
-207213
-207213
-203093
-203093
-203093
-203093
-203093
-203093
-203093
-203093
-203093
-203093
-203093
-203093
-203093
-203093
-203093
-203093
-203093
-203093
-203093
-203093
-203093
-203093
-203093
-203093
-203093
-203093
-203093
-203093
-200499
-200499
-200499
-200499
-200499
-200499
-200499
-200499
-200499
-200499
-200499
-200499
-200499
-200499
-200499
-200499
-200499
-200499
-200499
-200499
-200499
-200499
-200499
-200499
-200499
-200499
-200499
-200499
-195616
-195616
-195616
-195616
-195616
-195616
-195616
-195616
-195616
-195616
-195616
-195616
-195616
-195616
-195616
-195616
-195616
-195616
-195616
-195616
-195616
-195616
-195616
-195616
-195616
-195616
-195616
-195616
-193480
-193480
-193480
-193480
-193480
-193480
-193480
-193480
-193480
-193480
-193480
-193480
-193480
-193480
-193480
-193480
-193480
-193480
-193480
-193480
-193480
-193480
-193480
-193480
-193480
-193480
-193480
-193480
-189055
-189055
-189055
-189055
-189055
-189055
-189055
-189055
-189055
-189055
-189055
-189055
-189055
-189055
-189055
-189055
-189055
-189055
-189055
-189055
-189055
-189055
-189055
-189055
-189055
-189055
-189055
-189055
-186766
-186766
-186766
-186766
-186766
-186766
-186766
-186766
-186766
-186766
-186766
-186766
-186766
-186766
-186766
-186766
-186766
-186766
-186766
-186766
-186766
-186766
-186766
-186766
-186766
-186766
-186766
-186766
-184630
-184630
-184630
-184630
-184630
-184630
-184630
-184630
-184630
-184630
-184630
-184630
-184630
-184630
-184630
-184630
-184630
-184630
-184630
-184630
-184630
-184630
-184630
-184630
-184630
-184630
-184630
-184630
-180815
-180815
-180815
-180815
-180815
-180815
-180815
-180815
-180815
-180815
-180815
-180815
-180815
-180815
-180815
-180815
-180815
-180815
-180815
-180815
-180815
-180815
-180815
-180815
-180815
-180815
-180815
-180815
-180815
-178679
-178679
-178679
-178679
-178679
-178679
-178679
-178679
-178679
-178679
-178679
-178679
-178679
-178679
-178679
-178679
-178679
-178679
-178679
-178679
-178679
-178679
-178679
-178679
-178679
-178679
-178679
-178679
-174559
-174559
-174559
-174559
-174559
-174559
-174559
-174559
-174559
-174559
-174559
-174559
-174559
-174559
-174559
-174559
-174559
-174559
-174559
-174559
-174559
-174559
-174559
-174559
-174559
-174559
-174559
-174559
-171660
-171660
-171660
-171660
-171660
-171660
-171660
-171660
-171660
-171660
-171660
-171660
-171660
-171660
-171660
-171660
-171660
-171660
-171660
-171660
-171660
-171660
-171660
-171660
-171660
-171660
-171660
-171660
-169371
-169371
-169371
-169371
-169371
-169371
-169371
-169371
-169371
-169371
-169371
-169371
-169371
-169371
-169371
-169371
-169371
-169371
-169371
-169371
-169371
-169371
-169371
-169371
-169371
-169371
-169371
-169371
-166319
-166319
-166319
-166319
-166319
-166319
-166319
-166319
-166319
-166319
-166319
-166319
-166319
-166319
-166319
-166319
-166319
-166319
-166319
-166319
-166319
-166319
-166319
-166319
-166319
-166319
-166319
-166319
-164946
-164946
-164946
-164946
-164946
-164946
-164946
-164946
-164946
-164946
-164946
-164946
-164946
-164946
-164946
-164946
-164946
-164946
-164946
-164946
-164946
-164946
-164946
-164946
-164946
-164946
-164946
-164946
-164946
-160674
-160674
-160674
-160674
-160674
-160674
-160674
-160674
-160674
-160674
-160674
-160674
-160674
-160674
-160674
-160674
-160674
-160674
-160674
-160674
-160674
-160674
-160674
-160674
-160674
-160674
-160674
-160674
-159300
-159300
-159300
-159300
-159300
-159300
-159300
-159300
-159300
-159300
-159300
-159300
-159300
-159300
-159300
-159300
-159300
-159300
-159300
-159300
-159300
-159300
-159300
-159300
-159300
-159300
-159300
-159300
-156249
-156249
-156249
-156249
-156249
-156249
-156249
-156249
-156249
-156249
-156249
-156249
-156249
-156249
-156249
-156249
-156249
-156249
-156249
-156249
-156249
-156249
-156249
-156249
-156249
-156249
-156249
-156249
-154265
-154265
-154265
-154265
-154265
-154265
-154265
-154265
-154265
-154265
-154265
-154265
-154265
-154265
-154265
-154265
-154265
-154265
-154265
-154265
-154265
-154265
-154265
-154265
-154265
-154265
-154265
-154265
-150603
-150603
-150603
-150603
-150603
-150603
-150603
-150603
-150603
-150603
-150603
-150603
-150603
-150603
-150603
-150603
-150603
-150603
-150603
-150603
-150603
-150603
-150603
-150603
-150603
-150603
-150603
-150603
-149077
-149077
-149077
-149077
-149077
-149077
-149077
-149077
-149077
-149077
-149077
-149077
-149077
-149077
-149077
-149077
-149077
-149077
-149077
-149077
-149077
-149077
-149077
-149077
-149077
-149077
-149077
-149077
-149077
-146025
-146025
-146025
-146025
-146025
-146025
-146025
-146025
-146025
-146025
-146025
-146025
-146025
-146025
-146025
-146025
-146025
-146025
-146025
-146025
-146025
-146025
-146025
-146025
-146025
-146025
-146025
-146025
-143126
-143126
-143126
-143126
-143126
-143126
-143126
-143126
-143126
-143126
-143126
-143126
-143126
-143126
-143126
-143126
-143126
-143126
-143126
-143126
-143126
-143126
-143126
-143126
-143126
-143126
-143126
-143126
-141753
-141753
-141753
-141753
-141753
-141753
-141753
-141753
-141753
-141753
-141753
-141753
-141753
-141753
-141753
-141753
-141753
-141753
-141753
-141753
-141753
-141753
-141753
-141753
-141753
-141753
-141753
-141753
-139159
-139159
-139159
-139159
-139159
-139159
-139159
-139159
-139159
-139159
-139159
-139159
-139159
-139159
-139159
-139159
-139159
-139159
-139159
-139159
-139159
-139159
-139159
-139159
-139159
-139159
-139159
-139159
-137633
-137633
-137633
-137633
-137633
-137633
-137633
-137633
-137633
-137633
-137633
-137633
-137633
-137633
-137633
-137633
-137633
-137633
-137633
-137633
-137633
-137633
-137633
-137633
-137633
-137633
-137633
-137633
-137633
-136107
-136107
-136107
-136107
-136107
-136107
-136107
-136107
-136107
-136107
-136107
-136107
-136107
-136107
-136107
-136107
-136107
-136107
-136107
-136107
-136107
-136107
-136107
-136107
-136107
-136107
-136107
-136107
-133971
-133971
-133971
-133971
-133971
-133971
-133971
-133971
-133971
-133971
-133971
-133971
-133971
-133971
-133971
-133971
-133971
-133971
-133971
-133971
-133971
-133971
-133971
-133971
-133971
-133971
-133971
-133971
-131377
-131377
-131377
-131377
-131377
-131377
-131377
-131377
-131377
-131377
-131377
-131377
-131377
-131377
-131377
-131377
-131377
-131377
-131377
-131377
-131377
-131377
-131377
-131377
-131377
-131377
-131377
-131377
-129088
-129088
-129088
-129088
-129088
-129088
-129088
-129088
-129088
-129088
-129088
-129088
-129088
-129088
-129088
-129088
-129088
-129088
-129088
-129088
-129088
-129088
-129088
-129088
-129088
-129088
-129088
-129088
-127104
-127104
-127104
-127104
-127104
-127104
-127104
-127104
-127104
-127104
-127104
-127104
-127104
-127104
-127104
-127104
-127104
-127104
-127104
-127104
-127104
-127104
-127104
-127104
-127104
-127104
-127104
-127104
-125273
-125273
-125273
-125273
-125273
-125273
-125273
-125273
-125273
-125273
-125273
-125273
-125273
-125273
-125273
-125273
-125273
-125273
-125273
-125273
-125273
-125273
-125273
-125273
-125273
-125273
-125273
-125273
-123442
-123442
-123442
-123442
-123442
-123442
-123442
-123442
-123442
-123442
-123442
-123442
-123442
-123442
-123442
-123442
-123442
-123442
-123442
-123442
-123442
-123442
-123442
-123442
-123442
-123442
-123442
-123442
-123442
-121917
-121917
-121917
-121917
-121917
-121917
-121917
-121917
-121917
-121917
-121917
-121917
-121917
-121917
-121917
-121917
-121917
-121917
-121917
-121917
-121917
-121917
-121917
-121917
-121917
-121917
-121917
-121917
-120696
-120696
-120696
-120696
-120696
-120696
-120696
-120696
-120696
-120696
-120696
-120696
-120696
-120696
-120696
-120696
-120696
-120696
-120696
-120696
-120696
-120696
-120696
-120696
-120696
-120696
-120696
-120696
-118865
-118865
-118865
-118865
-118865
-118865
-118865
-118865
-118865
-118865
-118865
-118865
-118865
-118865
-118865
-118865
-118865
-118865
-118865
-118865
-118865
-118865
-118865
-118865
-118865
-118865
-118865
-118865
-116729
-116729
-116729
-116729
-116729
-116729
-116729
-116729
-116729
-116729
-116729
-116729
-116729
-116729
-116729
-116729
-116729
-116729
-116729
-116729
-116729
-116729
-116729
-116729
-116729
-116729
-116729
-116729
-114135
-114135
-114135
-114135
-114135
-114135
-114135
-114135
-114135
-114135
-114135
-114135
-114135
-114135
-114135
-114135
-114135
-114135
-114135
-114135
-114135
-114135
-114135
-114135
-114135
-114135
-114135
-114135
-111998
-111998
-111998
-111998
-111998
-111998
-111998
-111998
-111998
-111998
-111998
-111998
-111998
-111998
-111998
-111998
-111998
-111998
-111998
-111998
-111998
-111998
-111998
-111998
-111998
-111998
-111998
-111998
-110167
-110167
-110167
-110167
-110167
-110167
-110167
-110167
-110167
-110167
-110167
-110167
-110167
-110167
-110167
-110167
-110167
-110167
-110167
-110167
-110167
-110167
-110167
-110167
-110167
-110167
-110167
-110167
-109404
-109404
-109404
-109404
-109404
-109404
-109404
-109404
-109404
-109404
-109404
-109404
-109404
-109404
-109404
-109404
-109404
-109404
-109404
-109404
-109404
-109404
-109404
-109404
-109404
-109404
-109404
-109404
-107879
-107879
-107879
-107879
-107879
-107879
-107879
-107879
-107879
-107879
-107879
-107879
-107879
-107879
-107879
-107879
-107879
-107879
-107879
-107879
-107879
-107879
-107879
-107879
-107879
-107879
-107879
-107879
-107879
-105437
-105437
-105437
-105437
-105437
-105437
-105437
-105437
-105437
-105437
-105437
-105437
-105437
-105437
-105437
-105437
-105437
-105437
-105437
-105437
-105437
-105437
-105437
-105437
-105437
-105437
-105437
-105437
-105285
-105285
-105285
-105285
-105285
-105285
-105285
-105285
-105285
-105285
-105285
-105285
-105285
-105285
-105285
-105285
-105285
-105285
-105285
-105285
-105285
-105285
-105285
-105285
-105285
-105285
-105285
-105285
-102996
-102996
-102996
-102996
-102996
-102996
-102996
-102996
-102996
-102996
-102996
-102996
-102996
-102996
-102996
-102996
-102996
-102996
-102996
-102996
-102996
-102996
-102996
-102996
-102996
-102996
-102996
-102996
-101317
-101317
-101317
-101317
-101317
-101317
-101317
-101317
-101317
-101317
-101317
-101317
-101317
-101317
-101317
-101317
-101317
-101317
-101317
-101317
-101317
-101317
-101317
-101317
-101317
-101317
-101317
-101317
1068
1068
1068
1068
1068
1068
1068
1068
1068
1068
1068
1068
1068
1068
1068
1068
1068
1068
1068
1068
1068
1068
1068
1068
1068
1068
1068
1068
1068
1068
1068
1068
1068
1068
1068
1068
1068
1068
1068
1068
1068
1068
1068
1068
1068
1068
1068
1068
1068
1068
1068
1068
1068
1068
1068
1068
915
915
915
915
915
915
915
915
915
915
915
915
915
915
915
915
915
915
915
915
915
915
915
915
915
915
915
915
1068
1068
1068
1068
1068
1068
1068
1068
1068
1068
1068
1068
1068
1068
1068
1068
1068
1068
1068
1068
1068
1068
1068
1068
1068
1068
1068
1068
1068
1220
1220
1220
1220
1220
1220
1220
1220
1220
1220
1220
1220
1220
1220
1220
1220
1220
1220
1220
1220
1220
1220
1220
1220
1220
1220
1220
1220
1068
1068
1068
1068
1068
1068
1068
1068
1068
1068
1068
1068
1068
1068
1068
1068
1068
1068
1068
1068
1068
1068
1068
1068
1068
1068
1068
1068
1068
1068
1068
1068
1068
1068
1068
1068
1068
1068
1068
1068
1068
1068
1068
1068
1068
1068
1068
1068
1068
1068
1068
1068
1068
1068
1068
1068
762
762
762
762
762
762
762
762
762
762
762
762
762
762
762
762
762
762
762
762
762
762
762
762
762
762
762
762
762
915
915
915
915
915
915
915
915
915
915
915
915
915
915
915
915
915
915
915
915
915
915
915
915
915
915
915
915
1068
1068
1068
1068
1068
1068
1068
1068
1068
1068
1068
1068
1068
1068
1068
1068
1068
1068
1068
1068
1068
1068
1068
1068
1068
1068
1068
1068
915
915
915
915
915
915
915
915
915
915
915
915
915
915
915
915
915
915
915
915
915
915
915
915
915
915
915
915
915
915
915
915
915
915
915
915
915
915
915
915
915
915
915
915
915
915
915
915
915
915
915
915
915
915
915
915
1068
1068
1068
1068
1068
1068
1068
1068
1068
1068
1068
1068
1068
1068
1068
1068
1068
1068
1068
1068
1068
1068
1068
1068
1068
1068
1068
1068
915
915
915
915
915
915
915
915
915
915
915
915
915
915
915
915
915
915
915
915
915
915
915
915
915
915
915
915
915
915
915
915
915
915
915
915
915
915
915
915
915
915
915
915
915
915
915
915
915
915
915
915
915
915
915
915
1068
1068
1068
1068
1068
1068
1068
1068
1068
1068
1068
1068
1068
1068
1068
1068
1068
1068
1068
1068
1068
1068
1068
1068
1068
1068
1068
1068
1068
1068
1068
1068
1068
1068
1068
1068
1068
1068
1068
1068
1068
1068
1068
1068
1068
1068
1068
1068
1068
1068
1068
1068
1068
1068
1068
1068
1068
915
915
915
915
915
915
915
915
915
915
915
915
915
915
915
915
915
915
915
915
915
915
915
915
915
915
915
915
1068
1068
1068
1068
1068
1068
1068
1068
1068
1068
1068
1068
1068
1068
1068
1068
1068
1068
1068
1068
1068
1068
1068
1068
1068
1068
1068
1068
762
762
762
762
762
762
762
762
762
762
762
762
762
762
762
762
762
762
762
762
762
762
762
762
762
762
762
762
1068
1068
1068
1068
1068
1068
1068
1068
1068
1068
1068
1068
1068
1068
1068
1068
1068
1068
1068
1068
1068
1068
1068
1068
1068
1068
1068
1068
1220
1220
1220
1220
1220
1220
1220
1220
1220
1220
1220
1220
1220
1220
1220
1220
1220
1220
1220
1220
1220
1220
1220
1220
1220
1220
1220
1220
1220
915
915
915
915
915
915
915
915
915
915
915
915
915
915
915
915
915
915
915
915
915
915
915
915
915
915
915
915
915
915
915
915
915
915
915
915
915
915
915
915
915
915
915
915
915
915
915
915
915
915
915
915
915
915
915
915
1068
1068
1068
1068
1068
1068
1068
1068
1068
1068
1068
1068
1068
1068
1068
1068
1068
1068
1068
1068
1068
1068
1068
1068
1068
1068
1068
1068
915
915
915
915
915
915
915
915
915
915
915
915
915
915
915
915
915
915
915
915
915
915
915
915
915
915
915
915
1068
1068
1068
1068
1068
1068
1068
1068
1068
1068
1068
1068
1068
1068
1068
1068
1068
1068
1068
1068
1068
1068
1068
1068
1068
1068
1068
1068
1068
1068
1068
1068
1068
1068
1068
1068
1068
1068
1068
1068
1068
1068
1068
1068
1068
1068
1068
1068
1068
1068
1068
1068
1068
1068
1068
1068
1068
1068
1068
1068
1068
1068
1068
1068
1068
1068
1068
1068
1068
1068
1068
1068
1068
1068
1068
1068
1068
1068
1068
1068
1068
1068
1068
1068
1068
1068
1068
1068
1068
1068
1068
1068
1068
1068
1068
1068
1068
1068
1068
1068
1068
1068
1068
1068
1068
1068
1068
1068
1068
1068
1068
1068
1068
762
762
762
762
762
762
762
762
762
762
762
762
762
762
762
762
762
762
762
762
762
762
762
762
762
762
762
762
915
915
915
915
915
915
915
915
915
915
915
915
915
915
915
915
915
